Loci	pips_0	pips_1	pips_2
p_pips	0.96846	0.03154	2.18798e-10
a_pips	0.990277	0.00972337	1.04619e-09
Zxdb_pips	0.644781	0.355195	2.40819e-05
Zswim5_pips	0.900089	0.0999106	8.51579e-07
Zswim2_pips	0.999943	5.67682e-05	2.27463e-11
Zscan20_pips	0.850077	0.14992	2.3712e-06
Zscan2_pips	0.99977	0.000229521	1.77722e-10
Zpbp2_pips	0.998775	0.00122508	5.11734e-13
Zpbp_pips	0.99999	1.04959e-05	1.90138e-13
Zp3r_pips	0.996914	0.00308601	4.28212e-11
Zp3_pips	0.999732	0.000267536	3.64666e-12
Zp2_pips	0.998281	0.00171885	2.5612e-14
Zp1_pips	0.992786	0.00721369	1.75361e-11
Znrf4_pips	0.989148	0.0108517	8.869e-11
Zmynd15_pips	0.991762	0.00823835	1.06348e-10
Zmynd12_pips	0.999942	5.77333e-05	2.50293e-13
Zmynd10_pips	0.979403	0.0205962	4.38621e-07
Zmiz1_pips	0.947037	0.0529632	2.12365e-07
Zmat4_pips	0.997018	0.00298177	8.84067e-08
Zmat1_pips	0.995388	0.00461167	3.59916e-09
Zkscan6_pips	0.982791	0.0172092	1.48825e-08
Zim1_pips	0.987191	0.0128093	1.73398e-08
Zic4_pips	0.999607	0.000392965	3.79835e-10
Zic1_pips	0.000970723	0.966496	0.0325333
Zhx3_pips	0.924125	0.075868	6.74768e-06
Zhx2_pips	0.107221	0.892687	9.14499e-05
Zfyve28_pips	0.910094	0.0899003	5.35397e-06
Zfyve27_pips	0.564092	0.435825	8.24223e-05
Zfyve16_pips	0.973034	0.0269664	3.51712e-08
Zfy1_pips	0.98884	0.0111599	6.22945e-11
Zfpm2_pips	0.854786	0.145212	1.3954e-06
Zfp94_pips	0.832882	0.167116	2.12575e-06
Zfp92_pips	0.765499	0.234501	1.66236e-07
Zfp9_pips	0.920116	0.0798831	4.40744e-07
Zfp82_pips	0.928411	0.0715886	4.84682e-09
Zfp811_pips	0.997796	0.00220352	1.28587e-10
Zfp804a_pips	1	4.84193e-08	4.832e-14
Zfp787$LOC100041228_pips	0.600774	0.399226	1.28887e-07
Zfp786_pips	0.999447	0.000552593	3.02056e-11
Zfp784_pips	0.963234	0.0367662	3.38693e-08
Zfp78_pips	0.996273	0.00372734	7.71829e-09
Zfp768_pips	0.0735099	0.926165	0.000325503
Zfp759_pips	0.994457	0.00554297	6.81267e-10
Zfp750_pips	0.567714	0.432284	2.10991e-06
Zfp75_pips	0.993193	0.00680738	5.29147e-10
Zfp711_pips	0.99534	0.00466038	1.36123e-08
Zfp709_pips	0.999708	0.000292289	1.97163e-12
Zfp708_pips	0.999624	0.000375945	3.83757e-12
Zfp697_pips	0.977223	0.0227772	1.4661e-09
Zfp689_pips	0.996079	0.00392096	4.54278e-09
Zfp677_pips	0.982407	0.0175929	8.45948e-08
Zfp672_pips	0.729775	0.270206	1.86552e-05
Zfp661_pips	0.958752	0.0412482	3.45132e-10
Zfp653_pips	0.869047	0.130944	8.70291e-06
Zfp629_pips	0.17318	0.82678	4.00574e-05
Zfp619_pips	0.972308	0.0276924	1.02585e-08
Zfp612_pips	0.824289	0.17571	5.53912e-07
Zfp608_pips	0.97942	0.0205794	1.64597e-07
Zfp606_pips	0.991461	0.00853935	4.97303e-09
Zfp597_pips	0.999611	0.000389311	1.41103e-11
Zfp595_pips	0.811749	0.18825	1.07911e-06
Zfp59_pips	0.999992	8.40265e-06	5.42504e-15
Zfp583_pips	0.98941	0.0105898	1.57677e-08
Zfp563_pips	0.911321	0.0886659	1.28185e-05
Zfp551_pips	0.996928	0.00307167	7.52235e-10
Zfp541_pips	0.967756	0.032244	8.94108e-10
Zfp536_pips	0.99989	0.000110495	2.71387e-10
Zfp53$LOC100044273_pips	0.585474	0.414526	1.41608e-07
Zfp524_pips	0.275204	0.724052	0.000743993
Zfp521_pips	0.999358	0.000642026	1.16519e-13
Zfp52_pips	0.999976	2.35e-05	6.81031e-13
Zfp509_pips	0.998792	0.00120781	1.278e-11
Zfp503_pips	0.829083	0.170917	2.29045e-07
Zfp474_pips	0.979877	0.0201229	4.02126e-09
Zfp467_pips	0.99186	0.00813956	6.65326e-08
Zfp458_pips	0.999267	0.000732875	1.20198e-11
Zfp455_pips	0.999998	2.43216e-06	2.62576e-16
Zfp454_pips	0.351412	0.648588	8.20091e-08
Zfp40_pips	0.999985	1.49071e-05	5.53469e-12
Zfp398_pips	0.997765	0.00223483	1.04287e-09
Zfp39_pips	0.99608	0.00392002	4.12633e-08
Zfp358_pips	0.358233	0.641747	1.98764e-05
Zfp354b_pips	0.999314	0.000685757	3.58208e-11
Zfp334_pips	0.999939	6.05249e-05	1.34151e-13
Zfp324_pips	0.979386	0.0206135	5.42216e-08
Zfp319_pips	0.989002	0.0109968	7.45691e-07
Zfp316_pips	0.869518	0.130426	5.67071e-05
Zfp30_pips	0.912173	0.0878265	4.91545e-09
Zfp3_pips	0.985871	0.0141291	4.99178e-08
Zfp287_pips	0.988185	0.0118153	1.6262e-08
Zfp286_pips	0.960612	0.0393875	1.60485e-09
Zfp282_pips	0.200171	0.799503	0.000326474
Zfp28_pips	0.999534	0.00046564	1.6806e-09
Zfp276_pips	0.835287	0.164696	1.74155e-05
Zfp273_pips	0.997553	0.00244744	2.96527e-12
Zfp27_pips	0.976788	0.0232112	8.96064e-07
Zfp248_pips	0.988126	0.0118745	5.51669e-09
Zfp213_pips	0.649341	0.350658	6.0438e-07
Zfp202_pips	0.972751	0.0272482	7.35648e-07
Zfp2_pips	0.982481	0.0175182	3.25749e-07
Zfp189_pips	0.999891	0.000109188	5.67828e-12
Zfp182_pips	0.68964	0.31036	4.03522e-07
Zfp179_pips	0.941109	0.0588908	1.67595e-09
Zfp169_pips	0.801707	0.198277	1.56524e-05
Zfp142_pips	0.997638	0.00236206	3.85131e-09
Zfp14_pips	0.99495	0.0050503	7.03074e-10
Zfp128_pips	0.938108	0.0618901	1.75769e-06
Zfp119_pips	0.912203	0.087797	5.26062e-09
Zfp113_pips	0.998905	0.00109538	6.34757e-10
Zfp112_pips	0.713263	0.286709	2.75807e-05
Zfp111_pips	0.795172	0.204827	8.6122e-07
Zfp11_pips	0.0965375	0.902701	0.00076126
Zfp109_pips	0.605459	0.394541	1.65178e-07
Zfp108_pips	0.998895	0.00110477	4.82619e-10
Zfhx4_pips	0.212058	0.787932	9.8765e-06
Zfat1_pips	0.705185	0.294815	6.31259e-08
Zer1_pips	0.99994	6.03262e-05	2.26601e-12
Zeb2_pips	0.999882	0.000118028	2.3989e-11
Zdhhc25_pips	0.999946	5.40308e-05	1.14208e-13
Zdhhc22_pips	0.76079	0.239199	1.07687e-05
Zdhhc2_pips	0.780391	0.219609	1.13872e-07
Zdhhc19_pips	0.999495	0.000504871	2.2703e-13
Zdhhc17_pips	0.88121	0.11879	2.20969e-07
Zdhhc14_pips	0.852924	0.147076	6.18359e-08
Zdhhc11_pips	0.999954	4.62747e-05	4.58012e-14
Zcchc5_pips	0.924039	0.0759612	4.66714e-10
Zcchc4_pips	0.272851	0.726768	0.000380691
Zcchc18_pips	0.981386	0.0186141	2.35275e-08
Zc3hav1_pips	0.918709	0.081291	5.43898e-08
Zc3h7a_pips	0.973929	0.026063	8.01609e-06
Zc3h6_pips	0.569436	0.430497	6.71502e-05
Zc3h12d_pips	0.99978	0.00021981	9.80512e-15
Zbtb8os_pips	0.999988	1.2069e-05	5.65076e-12
Zbtb7c_pips	0.0589519	0.940158	0.000890556
Zbtb46_pips	0.995482	0.004518	3.05213e-08
Zbtb4_pips	0.0405467	0.959098	0.000355696
Zbtb38_pips	0.997751	0.00224948	3.36025e-09
Zbtb37_pips	1	1.46286e-08	1.01052e-17
Zbtb20_pips	0.378295	0.621365	0.000340017
Zbtb16_pips	0.870814	0.129186	1.00204e-07
Zbed3_pips	0.89348	0.106519	7.80085e-07
Zan_pips	0.965051	0.0349485	6.75833e-07
Ypel4_pips	0.999362	0.000637817	6.71903e-12
Ypel1_pips	0.973129	0.0268709	7.12828e-08
Yod1_pips	0.995555	0.00444387	9.06411e-07
Xtrp3s1_pips	0.999949	5.05033e-05	4.63965e-17
Xpnpep2_pips	0.0358455	0.964005	0.000149268
Xkrx_pips	0.993776	0.00622404	7.09656e-10
Xkr6_pips	0.951877	0.0481224	2.16411e-07
Xkr4_pips	0.999973	2.67706e-05	7.14313e-13
Xk_pips	0.990167	0.00983343	1.97883e-08
Xirp1_pips	0.998238	0.00176202	1.72648e-10
Xdh_pips	0.0457149	0.954281	3.98243e-06
Xcr1_pips	0.989302	0.0106976	1.99279e-10
Xcl1_pips	0.981575	0.0184249	3.31117e-10
Wwox_pips	0.0893544	0.906969	0.00367661
Wscd1_pips	0.992301	0.00769874	8.1709e-09
Wnt9b_pips	0.883377	0.116623	1.27599e-09
Wnt9a_pips	0.739143	0.260857	2.37149e-07
Wnt8b_pips	0.999431	0.000569235	1.03563e-15
Wnt8a_pips	0.988221	0.0117791	5.85664e-11
Wnt6_pips	0.734945	0.265054	8.43516e-07
Wnt5b_pips	0.958074	0.0419258	1.37361e-08
Wnt5a_pips	0.958919	0.0410808	2.02438e-09
Wnt4_pips	0.695209	0.304787	3.81322e-06
Wnt3a_pips	0.906624	0.093375	7.60367e-07
Wnt2b_pips	0.994951	0.0050494	5.49487e-11
Wnt2_pips	0.857625	0.142375	2.05885e-07
Wnt16_pips	0.558125	0.441875	9.56362e-07
Wnt11_pips	0.855009	0.14499	5.05024e-07
Wnt10b_pips	0.981554	0.0184457	8.06611e-07
Wnt10a_pips	0.984975	0.0150251	1.00265e-09
Wnt1_pips	0.985425	0.0145751	3.37667e-11
Wnk4_pips	0.998025	0.00197498	6.62777e-09
Wnk2_pips	0.90126	0.0987384	1.7533e-06
Wisp1_pips	0.483343	0.516657	3.98002e-07
Wipi1_pips	0.996343	0.00365658	1.3457e-10
Wif1_pips	0.688638	0.311344	1.87321e-05
Whrn_pips	0.556288	0.443681	3.07369e-05
Whdc1_pips	0.993085	0.00691526	1.46244e-10
Wfikkn2_pips	0.946966	0.0530341	9.44275e-09
Wfdc6a_pips	0.999876	0.000124135	2.9459e-14
Wfdc5_pips	0.949872	0.0501276	1.773e-09
Wfdc3_pips	0.980669	0.0193305	1.07126e-09
Wfdc15b_pips	0.983668	0.0163323	3.62196e-09
Wfdc12_pips	0.779197	0.220802	5.3694e-07
Wee2_pips	0.999998	1.62772e-06	8.0452e-15
Wdr86_pips	0.998262	0.00173842	2.47613e-10
Wdr78_pips	0.999934	6.61897e-05	4.10524e-11
Wdr69_pips	0.999999	1.06082e-06	1.2293e-13
Wdr63_pips	0.999998	1.96869e-06	6.07541e-12
Wdr60_pips	0.187115	0.812723	0.000162384
Wdr5b_pips	0.999514	0.000485648	4.94177e-11
Wdr38_pips	0.882348	0.117652	7.5673e-08
Wdr27_pips	0.99999	9.87609e-06	2.45902e-12
Wdr22_pips	0.961614	0.0383863	1.51556e-09
Wdr20b_pips	0.999995	5.07733e-06	1.25352e-15
Wdr19_pips	0.744686	0.255313	9.97294e-07
Wdr17_pips	0.998559	0.00144122	5.92437e-10
Wdr16_pips	0.999986	1.37867e-05	7.92829e-15
Wbscr28_pips	0.864252	0.135748	1.39289e-07
Was_pips	0.996735	0.00326496	8.48277e-12
Wars2_pips	0.129947	0.870012	4.05404e-05
Wap_pips	0.9944	0.00559975	3.42782e-09
Vwf_pips	0.999036	0.00096449	4.89062e-09
Vwc2_pips	0.999069	0.000931012	4.60472e-12
Vwa2_pips	0.996904	0.00309617	9.86538e-15
Vwa1_pips	0.967899	0.0321013	8.82448e-09
Vtn_pips	0.990788	0.00921181	6.13645e-10
Vti1a_pips	0.953161	0.0468393	6.32982e-08
Vtcn1_pips	0.997315	0.00268461	1.10857e-09
Vsx1_pips	0.861689	0.138311	3.70647e-08
Vstm2_pips	0.999999	8.4671e-07	8.12388e-18
Vsnl1_pips	0.99553	0.00447043	2.00725e-08
Vsig8_pips	0.999986	1.40208e-05	5.00997e-14
Vsig2_pips	0.986901	0.013099	4.37985e-07
Vsig1_pips	0.999165	0.000834994	1.26405e-09
Vps37d_pips	0.702037	0.29796	2.9004e-06
Vps13c_pips	0.997427	0.00257312	7.62614e-11
Vpreb3_pips	0.562856	0.43714	3.68303e-06
Vpreb1_pips	0.999961	3.94752e-05	1.43255e-10
Vnn3_pips	0.265005	0.734992	3.02745e-06
Vnn1_pips	0.923975	0.076025	1.17383e-07
Vldlr_pips	0.975225	0.0247747	2.99235e-09
Vit_pips	0.978276	0.021724	1.50301e-10
Vipr2_pips	0.99208	0.00792022	1.53307e-11
Vipr1_pips	0.997267	0.00273299	3.22501e-11
Vip_pips	0.999507	0.000493057	8.40425e-12
Vil1_pips	0.999888	0.000112148	3.4849e-12
Vgll2_pips	0.922197	0.0778025	1.25899e-08
Vgll1_pips	0.967433	0.0325667	4.17126e-08
Vgf_pips	0.823638	0.176362	6.16121e-07
Vezt_pips	0.965364	0.0346361	2.92688e-08
Veph1_pips	0.996386	0.00361446	7.29386e-10
Vdr_pips	0.808796	0.191203	5.24328e-07
Vcan_pips	0.996364	0.00363594	9.40002e-09
Vax1_pips	0.930143	0.069857	1.38056e-09
Vav3_pips	0.96326	0.0367399	4.76858e-08
Vav1_pips	0.99996	3.9633e-05	2.71907e-14
Vash2_pips	0.982659	0.017341	7.50766e-08
Vamp5_pips	0.945528	0.0544723	3.21338e-09
Vamp1_pips	0.980506	0.0194945	1.2316e-09
V2r16_pips	0.999984	1.6035e-05	7.83439e-14
V1rd9_pips	0.999996	3.95398e-06	1.06253e-16
V1rd6_pips	0.0324121	0.967582	5.93338e-06
V1rd4_pips	0.999999	1.48822e-06	2.07287e-17
V1rd3_pips	0.999991	8.96989e-06	4.22922e-16
V1rc8$V1rc22_pips	1	4.31291e-07	2.66615e-18
V1rc7_pips	1	3.70459e-07	2.07599e-18
V1rc6_pips	0.999999	8.47552e-07	6.18064e-18
V1rc5_pips	0.999975	2.51467e-05	1.25681e-14
V1rc3_pips	1	4.76295e-07	2.44612e-18
V1rc22_pips	1	4.407e-08	6.47156e-20
V1rc2_pips	0.999991	9.20951e-06	9.75216e-15
V1rc1_pips	0.999986	1.37169e-05	1.29347e-14
V1rb8_pips	0.999886	0.000113797	3.6533e-15
V1rb7_pips	0.999874	0.000126046	3.8243e-14
V1rb6_pips	0.974493	0.0255073	5.11504e-10
V1rb5_pips	1	1.71225e-07	5.86055e-19
V1rb3_pips	0.999967	3.335e-05	2.61048e-15
V1rb2_pips	0.99999	9.9919e-06	1.64117e-15
V1rb10_pips	0.999765	0.000235105	1.49423e-14
V1rb1_pips	0.99994	5.97199e-05	5.90881e-16
V1ra9_pips	0.998159	0.00184059	1.01844e-12
V1ra6_pips	0.999321	0.000678621	1.19255e-12
V1ra5_pips	0.999998	2.12747e-06	1.68973e-17
V1ra4$V1ra3_pips	1	1.2637e-07	3.57081e-19
V1ra2_pips	0.999997	3.42461e-06	1.91716e-17
V1ra1_pips	1	5.57207e-08	9.45336e-20
Uty_pips	0.999916	8.42809e-05	7.04183e-12
Uts2r_pips	0.988589	0.0114109	3.68319e-10
Uts2_pips	0.996416	0.00358414	4.58119e-11
Usp9y_pips	0.999728	0.000271505	4.01858e-13
Usp53_pips	0.99846	0.00153985	1.20118e-09
Usp50_pips	0.997094	0.00290563	6.51595e-11
Usp43_pips	0.998546	0.00145377	6.30727e-09
Usp29_pips	0.997073	0.00292684	9.82226e-10
Usp25_pips	0.148198	0.848152	0.0036502
Usp20_pips	0.737652	0.262306	4.16683e-05
Usp13_pips	0.829689	0.170308	2.57433e-06
Ushbp1_pips	0.999237	0.000762999	3.62276e-11
Ush2a_pips	0.893947	0.106052	1.87953e-07
Ush1c_pips	0.937225	0.0627723	2.94608e-06
Uqcrq_pips	0.996447	0.00355287	2.87448e-10
Upp2_pips	0.999915	8.54851e-05	6.2623e-14
Upk3b_pips	0.996227	0.00377272	5.77699e-11
Upk3a_pips	0.761386	0.238614	5.51854e-08
Upk1b_pips	0.905752	0.0942477	5.46279e-08
Upk1a_pips	0.884768	0.11523	2.09211e-06
Upb1_pips	0.957858	0.0421417	5.97302e-09
Uox_pips	0.834309	0.165691	1.6199e-08
Uncx4.1_pips	0.999281	0.000719291	7.836e-15
Unc5d_pips	0.999892	0.000107785	1.39169e-12
Unc5cl_pips	0.999672	0.000327581	3.45726e-11
Unc5c_pips	0.610576	0.389423	9.0393e-07
Unc45b_pips	0.999965	3.53549e-05	1.30179e-11
Unc13d_pips	0.372556	0.627076	0.000368486
Unc13c_pips	0.999979	2.1467e-05	7.06637e-16
Unc13a_pips	0.990824	0.00917587	1.59721e-07
Umodl1_pips	0.999291	0.000708608	1.11325e-12
Umod_pips	0.999946	5.40052e-05	2.35219e-14
Ulk2_pips	0.386524	0.612605	0.000870719
Ugt3a2_pips	0.995929	0.00407131	1.40989e-10
Ugt2b5_pips	0.999994	6.26324e-06	5.6482e-16
Ugt2b38_pips	0.999991	9.19748e-06	4.33163e-17
Ugt2b37_pips	0.999998	1.68993e-06	9.51961e-15
Ugt2b36_pips	0.998012	0.00198818	5.09854e-14
Ugt2b35_pips	0.999988	1.24022e-05	3.63615e-13
Ugt2b34_pips	0.999841	0.000158991	8.99449e-14
Ugt2b1_pips	0.999896	0.000103922	1.11771e-12
Ugt2a3_pips	0.999884	0.000116491	1.3274e-13
Ugt2a1_pips	0.999912	8.80664e-05	1.30428e-10
Ugcgl2_pips	0.829766	0.170234	1.95593e-08
Ucp3_pips	0.351019	0.648981	5.92365e-07
Ucp1_pips	0.994092	0.00590769	9.07399e-11
Ucn3_pips	0.996998	0.00300247	5.57439e-10
Ucn_pips	0.906007	0.0939933	1.50822e-08
Uchl4$Uchl3_pips	1	1.22821e-07	3.40892e-19
Ubxd3_pips	0.931896	0.0681036	5.02895e-10
Ubqlnl_pips	0.686708	0.31329	1.56986e-06
Ubqln3_pips	0.999942	5.84592e-05	1.67944e-14
Ubl4b_pips	0.976307	0.0236931	1.4295e-09
Ube2u_pips	0.999522	0.000478171	1.03316e-12
Ube2m_pips	0.991063	0.00893694	1.17387e-09
Ube2l6_pips	0.999993	7.05917e-06	7.18747e-14
Ubd_pips	0.999726	0.000274031	5.5384e-14
Ubash3a_pips	0.993993	0.00600653	1.83455e-10
Tyrp1_pips	0.999709	0.000290781	3.29358e-13
Tyrobp_pips	0.977877	0.0221228	2.70482e-10
Tyr_pips	0.999967	3.33017e-05	1.25105e-13
Tyms_pips	0.999419	0.000581279	2.44305e-09
Tyki_pips	0.998575	0.00142457	2.00974e-13
Txnl6_pips	0.845415	0.154585	4.68209e-08
Txndc8_pips	0.480036	0.519956	7.67102e-06
Txndc3_pips	0.999474	0.000525625	6.16255e-11
Txndc2_pips	0.653242	0.346758	1.651e-08
Txlnb_pips	0.983257	0.0167427	1.57211e-09
Txk_pips	0.999663	0.000337277	2.56666e-13
Tusc5_pips	0.997454	0.00254555	2.57293e-10
Tulp2_pips	0.999967	3.31051e-05	2.42714e-13
Tulp1_pips	0.931067	0.0689294	3.25033e-06
Tubd1_pips	0.918207	0.0817924	7.52607e-07
Tubb4_pips	0.137363	0.862635	1.85369e-06
Tubb1_pips	0.99685	0.00315018	7.94997e-09
Tuba8_pips	0.987562	0.0124381	9.72571e-10
Tub_pips	0.993309	0.00669121	7.83714e-09
Ttyh1$Taf1_pips	0.999247	0.000753309	8.95844e-13
Ttn_pips	0.99921	0.000789996	6.70821e-08
Ttll9_pips	0.864355	0.135644	1.3401e-06
Ttll3_pips	0.994975	0.00502507	1.46652e-08
Ttll13_pips	0.99508	0.00491981	3.26029e-09
Ttll11_pips	0.983178	0.0168206	9.96609e-07
Ttll10_pips	0.999821	0.000179012	1.11379e-10
Ttl_pips	0.694464	0.305532	3.22856e-06
Ttc9b_pips	0.923471	0.0765257	3.43269e-06
Ttc9_pips	0.313497	0.686494	9.10523e-06
Ttc7_pips	0.93448	0.0655194	5.35102e-07
Ttc29_pips	0.999997	2.83669e-06	5.5831e-14
Ttc25_pips	0.998828	0.00117203	1.28763e-12
Ttc23_pips	0.867553	0.132348	9.8777e-05
Ttc22_pips	0.885763	0.114236	9.29631e-07
Ttc21a_pips	0.988926	0.0110726	1.80372e-06
Ttc17_pips	0.151483	0.84836	0.000157409
Ttc16_pips	0.999498	0.000501894	7.07607e-10
Tsx_pips	0.962297	0.037703	2.88125e-10
Tssk6_pips	0.999072	0.000927994	2.00273e-09
Tssk5_pips	0.408426	0.591573	1.11486e-06
Tssk4_pips	0.999979	2.1339e-05	6.01517e-14
Tssk3_pips	0.999314	0.000685909	4.857e-11
Tssk2_pips	0.999841	0.000159306	5.9167e-14
Tssk1_pips	0.982985	0.0170148	1.11955e-10
Tspyl5_pips	0.999958	4.16303e-05	6.05293e-14
Tspyl3_pips	0.999994	6.24382e-06	1.75045e-12
Tspan8_pips	0.359023	0.640976	8.82148e-07
Tspan33_pips	0.852116	0.147883	1.13591e-06
Tspan11_pips	0.979456	0.0205434	1.4544e-07
Tspan10_pips	0.985276	0.0147224	1.47241e-06
Tspan1_pips	0.241796	0.757949	0.000254789
Tsnaxip1_pips	0.999871	0.000129389	2.95035e-10
Tsku_pips	0.900047	0.0999507	1.82879e-06
Tshz3_pips	0.928811	0.0711864	2.45091e-06
Tshz2_pips	0.992957	0.0070418	1.3099e-06
Tshr_pips	0.999453	0.000546731	1.84392e-14
Tshb_pips	0.995422	0.00457807	9.86844e-10
Tsga13_pips	0.999742	0.000258278	3.12025e-13
Tsga10_pips	0.724156	0.275843	2.93839e-07
Tsc22d3_pips	0.361164	0.638802	3.43031e-05
Trpv6_pips	0.723621	0.276378	4.46762e-07
Trpv4_pips	0.150382	0.847879	0.00173888
Trpv2_pips	0.979228	0.0207723	5.79586e-09
Trpv1_pips	0.999994	5.67833e-06	2.97619e-14
Trpm8_pips	0.999997	2.52351e-06	3.39335e-14
Trpm6_pips	0.849501	0.150499	7.45493e-09
Trpm5_pips	0.998984	0.00101629	7.58862e-11
Trpm3_pips	0.999011	0.000988602	1.72982e-11
Trpm2_pips	0.92633	0.0736699	2.4844e-07
Trpm1_pips	0.999218	0.000781507	2.42924e-10
Trpd52l3_pips	0.593953	0.406047	1.93295e-07
Trpc6_pips	0.999977	2.33658e-05	5.99965e-16
Trpc5_pips	0.999435	0.000564587	2.42032e-13
Trpc4_pips	0.98427	0.0157301	4.14938e-09
Trpc3_pips	0.96201	0.0379895	2.0076e-08
Trpc1_pips	0.476746	0.523244	1.07104e-05
Trpa1_pips	0.972466	0.0275338	2.18807e-09
Trp73_pips	0.95508	0.0449192	3.12092e-07
Trp63_pips	0.985015	0.0149849	1.06042e-09
Trmt12_pips	0.999993	6.56223e-06	7.79676e-15
Trim9_pips	0.994307	0.00569298	1.78637e-11
Trim75_pips	0.999999	1.04841e-06	2.6299e-18
Trim7_pips	0.235352	0.764396	0.000251562
Trim69_pips	0.999949	5.06911e-05	1.64504e-14
Trim68_pips	0.0694916	0.9305	8.07802e-06
Trim66_pips	0.999981	1.91409e-05	1.70272e-13
Trim65_pips	0.312814	0.687181	5.76492e-06
Trim63_pips	0.999936	6.35848e-05	5.82679e-13
Trim62_pips	0.878222	0.121778	6.90003e-08
Trim60$Trim60_pips	0.943738	0.0562615	2.24535e-09
Trim60_pips	0.396594	0.603399	7.11417e-06
Trim47_pips	0.0050746	0.958504	0.0364213
Trim46_pips	0.922526	0.0774566	1.73702e-05
Trim42_pips	0.999736	0.000264149	2.39806e-14
Trim40_pips	0.0186152	0.981078	0.000306357
Trim31_pips	0.997545	0.00245471	8.21729e-13
Trim30$AI451617_pips	0.865321	0.134679	1.21859e-08
Trim29_pips	0.837942	0.162058	2.33098e-08
Trim16_pips	0.56776	0.431896	0.000343298
Trim14_pips	0.999896	0.000104096	4.59743e-15
Trim10_pips	0.9979	0.00210031	2.50385e-11
Trib2_pips	0.825155	0.174844	1.0658e-06
Trib1_pips	0.991157	0.00884339	1.30332e-09
Trhr2_pips	0.673538	0.326455	7.06646e-06
Trhr_pips	0.999967	3.28765e-05	5.66107e-16
Trhde_pips	0.999934	6.58168e-05	4.54749e-12
Trex2_pips	0.19722	0.802775	4.78896e-06
Treml4_pips	0.999936	6.39447e-05	7.11959e-14
Treml2$LOC100047904_pips	0.999928	7.21557e-05	1.4926e-14
Treml1_pips	0.295357	0.704636	6.43424e-06
Trem3_pips	0.651727	0.348272	1.2404e-07
Trem1_pips	0.985205	0.0147946	1.40568e-11
Treh_pips	0.99947	0.000530354	1.24108e-13
Trat1_pips	0.999063	0.00093702	1.95997e-13
Traf6_pips	0.963049	0.0369512	1.09003e-07
Traf5_pips	0.999449	0.000551411	2.2749e-12
Traf3ip3_pips	0.950064	0.0499355	5.25434e-07
Traf1_pips	0.989643	0.0103562	4.953e-07
Tpte_pips	0.106649	0.89335	2.1376e-07
Tpsg1_pips	0.811611	0.188389	1.17394e-08
Tpsb2_pips	0.999004	0.000995791	3.73584e-11
Tpsab1_pips	0.954936	0.045064	7.37609e-09
Tppp_pips	0.999999	6.18159e-07	7.11732e-15
Tpo_pips	0.573336	0.426664	1.43466e-07
Tph1_pips	0.945469	0.0545305	7.93365e-08
Tpcn2_pips	0.978279	0.021721	4.83948e-08
Tpbpb_pips	0.999975	2.53928e-05	1.11125e-13
Tpbpa_pips	0.998703	0.00129743	1.14122e-11
Tpbg_pips	0.0137168	0.982406	0.00387731
Tox3_pips	0.027507	0.972078	0.000415411
Tox2_pips	0.999405	0.000594626	1.26399e-09
Tor3a$LOC100047963_pips	0.95978	0.0402196	1.19352e-09
Tnxb_pips	0.996627	0.00337341	3.2098e-10
Tns4_pips	0.954596	0.0454036	2.79276e-08
Tnrc4_pips	0.19348	0.806519	6.82544e-07
Tnp1_pips	0.998702	0.00129832	1.44671e-10
Tnnt3_pips	0.990795	0.00920529	8.8512e-13
Tnnt2_pips	0.994267	0.0057326	2.43377e-09
Tnni3k_pips	0.991996	0.00800385	1.34489e-10
Tnni3_pips	0.941792	0.0581998	8.06978e-06
Tnni2_pips	0.998091	0.00190861	4.42985e-09
Tnni1_pips	0.306371	0.693572	5.70166e-05
Tnnc2_pips	0.999343	0.0006574	3.02078e-13
Tnnc1_pips	0.967815	0.0321846	2.32902e-07
Tnn_pips	0.199744	0.800254	1.38651e-06
Tnmd_pips	0.990942	0.0090575	6.44593e-10
Tnk1_pips	0.968151	0.0318489	3.31245e-08
Tnfsf8_pips	0.875924	0.124076	1.60641e-09
Tnfsf4_pips	0.963904	0.036096	6.85159e-08
Tnfsf14_pips	0.99703	0.00296971	6.6759e-12
Tnfsf13b_pips	0.998832	0.001168	2.37338e-12
Tnfsf11_pips	0.0272273	0.972643	0.000129966
Tnfsf10_pips	0.998411	0.00158858	4.49273e-13
Tnfrsf9_pips	0.994792	0.00520837	3.14795e-08
Tnfrsf8_pips	0.778049	0.22195	2.04107e-07
Tnfrsf25_pips	0.99567	0.00433048	1.12089e-09
Tnfrsf19_pips	0.962072	0.0379277	3.16475e-09
Tnfrsf18_pips	0.982756	0.017244	1.22048e-08
Tnfrsf17_pips	0.999628	0.000371538	3.37982e-12
Tnfrsf14_pips	0.993243	0.00675678	1.59019e-08
Tnfrsf13c_pips	0.961355	0.0386449	4.26996e-08
Tnfrsf13b_pips	0.999995	5.49133e-06	5.46547e-12
Tnfrsf11b_pips	0.988589	0.0114107	1.69792e-10
Tnfrsf11a_pips	0.94654	0.0534603	9.41275e-12
Tnfrsf10b_pips	0.912812	0.0871827	4.83286e-06
Tnfaip8l2_pips	0.984355	0.0156454	2.97791e-08
Tnfaip3_pips	0.946739	0.0532581	3.34741e-06
Tnf_pips	0.277257	0.722739	4.67275e-06
Tmub1_pips	0.718034	0.281928	3.83041e-05
Tmtc2_pips	0.854956	0.145044	2.30884e-07
Tmtc1_pips	0.999937	6.26299e-05	2.58947e-12
Tmprss4_pips	0.196896	0.802934	0.000170779
Tmprss3_pips	0.99416	0.00584045	2.56429e-10
Tmprss2_pips	0.95922	0.0407803	1.18549e-09
Tmprss13_pips	0.978748	0.0212524	1.93399e-10
Tmprss11f_pips	1	2.07366e-07	2.98038e-17
Tmprss11e_pips	0.999992	8.40748e-06	1.45798e-12
Tmprss11d_pips	1	3.20835e-07	7.17552e-16
Tmprss11a_pips	0.999999	7.05817e-07	1.55904e-16
Tmod4_pips	0.999077	0.000922547	5.16833e-12
Tmod2$LOC100048637_pips	0.998893	0.00110734	1.77108e-12
Tmigd1_pips	0.754342	0.245652	5.93204e-06
Tmie_pips	0.99965	0.000349665	1.60278e-11
Tmhs_pips	0.994767	0.00523339	2.24509e-11
Tmem91_pips	0.999396	0.000604148	2.67375e-11
Tmem90a_pips	0.535509	0.464489	1.39926e-06
Tmem86b_pips	0.998931	0.00106868	7.4647e-12
Tmem82_pips	0.999069	0.00093073	2.46721e-10
Tmem80_pips	0.76564	0.234352	8.03452e-06
Tmem74_pips	0.999363	0.000637235	2.25452e-11
Tmem71_pips	0.906815	0.0931847	3.57628e-08
Tmem67_pips	0.999914	8.54999e-05	1.43828e-10
Tmem63c_pips	0.904903	0.0950969	4.76698e-07
Tmem62_pips	0.124508	0.875007	0.000485029
Tmem59_pips	1	4.46716e-09	5.72083e-21
Tmem56_pips	0.999193	0.000806671	3.35596e-11
Tmem54_pips	0.996199	0.00380072	1.90783e-13
Tmem53_pips	0.243273	0.756548	0.000178941
Tmem46_pips	0.761221	0.238779	1.5171e-08
Tmem45b_pips	0.000271229	0.970346	0.0293824
Tmem44_pips	0.998687	0.00131326	2.30638e-09
Tmem38a_pips	0.994169	0.0058307	9.52227e-09
Tmem35_pips	0.392709	0.607251	3.99925e-05
Tmem28_pips	0.998096	0.00190427	6.67681e-12
Tmem27_pips	0.999987	1.30469e-05	9.30535e-18
Tmem26_pips	0.999901	9.92405e-05	6.2841e-13
Tmem25_pips	0.997047	0.00295252	4.65497e-08
Tmem184a_pips	0.0109974	0.985113	0.00388987
Tmem182_pips	0.999976	2.37716e-05	1.12146e-13
Tmem178_pips	0.993452	0.00654785	9.64684e-13
Tmem174_pips	0.999972	2.7703e-05	2.55687e-14
Tmem17_pips	0.998149	0.00185066	1.83604e-09
Tmem16d_pips	8.63449e-06	0.927856	0.0721356
Tmem16c_pips	0.925335	0.0746654	3.85033e-09
Tmem16a_pips	1.77826e-08	0.0348327	0.965167
Tmem169_pips	0.999945	5.46488e-05	5.02565e-13
Tmem166_pips	0.999999	1.18431e-06	1.41761e-17
Tmem162_pips	0.992022	0.00797816	7.74684e-11
Tmem154_pips	0.999874	0.000126083	2.87927e-11
Tmem144_pips	0.483119	0.516851	2.95489e-05
Tmem143$2900057H02Rik_pips	0.378238	0.621761	4.53477e-07
Tmem142b_pips	0.891548	0.108452	7.53243e-09
Tmem140_pips	0.994804	0.00519615	1.19098e-08
Tmem139_pips	0.950565	0.0494353	1.14682e-09
Tmem132e_pips	0.966558	0.033442	5.1345e-09
Tmem130_pips	0.999502	0.000497718	1.24006e-11
Tmem125_pips	0.622294	0.377705	7.92426e-07
Tmem119_pips	0.780151	0.219849	2.83606e-07
Tmem118_pips	0.993173	0.00682731	8.91052e-11
Tmem117_pips	0.471205	0.528792	2.88538e-06
Tmem116_pips	0.914345	0.0856554	3.14648e-08
Tmem112_pips	0.594278	0.405722	1.34175e-07
Tmem108$LOC100045503_pips	0.999057	0.000943288	1.33319e-12
Tmem104_pips	0.999998	1.5924e-06	2.52562e-13
Tmem103_pips	0.573644	0.426356	8.0055e-08
Tmem100_pips	0.999486	0.000514457	2.39783e-14
Tmem10_pips	0.915115	0.0848854	1.82487e-09
Tmeff2_pips	0.986331	0.0136689	8.45075e-08
Tmco5_pips	0.998845	0.00115479	6.64877e-11
Tmco4_pips	0.796719	0.203279	2.68603e-06
Tmco3_pips	0.71166	0.288339	1.18356e-06
Tmcc2_pips	0.962038	0.0379618	2.4191e-07
Tmc7_pips	0.524875	0.475121	3.80379e-06
Tmc5_pips	0.979861	0.020139	3.55813e-09
Tmc2_pips	0.995963	0.00403669	3.42177e-09
Tmc1_pips	0.996434	0.00356635	1.14274e-11
Tm7sf4_pips	0.952367	0.0476333	5.30459e-08
Tm6sf2_pips	0.997783	0.00221728	7.75983e-10
Tm4sf4_pips	0.171512	0.828487	1.2853e-06
Tm4sf20_pips	0.999776	0.000223678	6.04134e-14
Tlx3_pips	0.318401	0.681523	7.57887e-05
Tlx1_pips	0.559666	0.440332	2.59543e-06
Tlr8_pips	0.306201	0.693799	1.59004e-07
Tlr7_pips	0.999666	0.000333572	4.23707e-13
Tlr6_pips	0.312438	0.687542	1.9512e-05
Tlr5_pips	0.970578	0.0294219	7.20586e-08
Tlr4_pips	0.999735	0.000265027	4.5031e-12
Tlr3_pips	0.99901	0.000989935	2.32653e-11
Tlr2_pips	0.23634	0.763659	7.13442e-07
Tlr13_pips	0.998446	0.00155407	1.41903e-12
Tlr12_pips	0.240533	0.759461	5.21203e-06
Tlr1_pips	0.999698	0.000302367	3.468e-12
Tlm_pips	0.999863	0.000137325	4.54792e-14
Tll2_pips	0.996766	0.00323369	3.12068e-12
Tll1_pips	0.994291	0.00570898	7.12415e-10
Tle2_pips	0.982667	0.0173327	1.82777e-07
Tktl2_pips	0.99533	0.00467026	1.65235e-10
Tktl1_pips	0.950932	0.0490678	1.08156e-09
Titf1_pips	0.965762	0.0342376	1.82567e-11
Tinag_pips	0.999003	0.000997371	3.76859e-12
Timp4_pips	0.875732	0.124268	1.89909e-07
Timd4_pips	0.992667	0.00733287	2.46329e-10
Timd2_pips	0.997999	0.00200072	3.67123e-09
Tigd5_pips	0.999336	0.000664141	5.11719e-12
Tie1_pips	0.997397	0.00260285	1.49638e-11
Tiam2_pips	0.982163	0.0178368	1.67888e-08
Tiaf2_pips	0.933489	0.0665113	3.08626e-09
Thsd7b_pips	0.992061	0.00793859	3.5149e-11
Thsd4_pips	0.0548633	0.944508	0.000628386
Thsd1_pips	0.30561	0.693623	0.000766582
Thrsp_pips	0.873233	0.126767	1.11877e-07
Thrb_pips	0.988843	0.0111569	4.27197e-08
Thpo_pips	0.743533	0.256466	6.69994e-07
Them5_pips	0.000604686	0.99574	0.00365485
Them4_pips	0.00856363	0.991174	0.000262553
Theg_pips	0.965369	0.0346307	1.64419e-08
Thbs4_pips	0.979287	0.0207131	1.43402e-08
Thbs3_pips	0.0567073	0.939995	0.00329737
Thbs2_pips	0.462421	0.537575	3.82783e-06
Thap2_pips	0.996766	0.00323374	1.18633e-08
Tha1_pips	0.0544973	0.944849	0.0006533
Th_pips	0.977947	0.0220532	4.10255e-08
Tgm6_pips	0.848577	0.151423	4.78678e-08
Tgm5_pips	0.972078	0.0279221	9.12444e-09
Tgifx1_pips	0.999999	9.74573e-07	1.02569e-17
Tgfbi_pips	0.979765	0.0202355	1.2803e-09
Tgfb3_pips	0.983004	0.0169961	3.15356e-09
Tgfb2_pips	0.997032	0.00296772	1.79922e-09
Tgfa_pips	0.0256345	0.974073	0.000292309
Tg_pips	0.596384	0.403614	1.29578e-06
Tfpi2_pips	0.993727	0.00627334	9.39439e-11
Tff3_pips	0.853241	0.146759	4.6357e-07
Tff2_pips	0.745053	0.254946	9.10122e-07
Tex24_pips	0.999989	1.12703e-05	1.13513e-14
Tex22_pips	0.999746	0.000253604	1.46911e-12
Tex18_pips	1	2.55048e-07	1.12479e-18
Tex16_pips	0.999906	9.37891e-05	2.04237e-11
Tex13_pips	0.998015	0.00198466	8.77585e-09
Tex101_pips	0.956933	0.0430666	4.77902e-09
Tessp2_pips	0.912756	0.0872444	2.91977e-09
Tesp2_pips	0.948769	0.0512314	2.2763e-10
Tesp1_pips	0.991319	0.00868121	5.81505e-12
Tert_pips	0.960246	0.039753	5.0477e-07
Tenc1_pips	0.380957	0.616991	0.00205181
Tekt5_pips	0.999507	0.000493058	1.21923e-10
Tekt4_pips	0.987401	0.0125992	1.59751e-08
Tekt3_pips	0.978178	0.0218219	1.42038e-08
Tekt2_pips	0.998334	0.0016663	1.15886e-10
Tekt1_pips	0.863711	0.136289	3.71129e-10
Tectb_pips	0.993168	0.00683153	8.08913e-10
Tecta_pips	0.547013	0.452987	2.28713e-07
Tec_pips	0.84797	0.152029	6.60261e-07
Tdrd7_pips	0.283889	0.714089	0.00202238
Tdrd1_pips	0.999836	0.000164407	3.33544e-11
Tdpoz1_pips	0.999995	5.36435e-06	2.25523e-16
Tdo2_pips	0.999759	0.000241077	1.53168e-11
Tctex1d1_pips	0.999996	3.78346e-06	5.84357e-12
Tcte2_pips	0.999999	1.25895e-06	2.76849e-13
Tcte1_pips	0.999804	0.000195792	1.68603e-11
Tcstv3_pips	1	2.26437e-07	9.25597e-19
Tcl1b4_pips	0.0143168	0.9855	0.000182845
Tchhl1_pips	0.998186	0.00181372	2.03467e-11
Tcfec_pips	0.999994	6.14508e-06	8.99118e-16
Tcfap2e_pips	0.999671	0.000329288	2.73695e-14
Tcfap2d_pips	0.966816	0.0331836	1.35965e-10
Tcfap2b_pips	0.998301	0.0016992	4.86125e-14
Tcfap2a$Hrc_pips	0.000160692	0.997111	0.00272803
Tcf7l2_pips	0.597536	0.402394	6.97711e-05
Tcf23_pips	0.997427	0.00257348	1.44083e-09
Tcf21_pips	0.98473	0.0152705	1.61706e-09
Tcf2_pips	0.944958	0.0550418	7.1767e-10
Tcf1_pips	0.992276	0.00772412	4.71281e-11
Tcerg1l_pips	0.712577	0.287423	2.42239e-07
Tceal3_pips	0.456413	0.543586	6.2171e-07
Tcba1_pips	0.999998	2.4061e-06	2.5265e-18
Tcap_pips	0.889558	0.110442	7.53128e-08
Tcam1_pips	0.983016	0.016984	9.82259e-12
Tbxas1_pips	0.798308	0.20166	3.20554e-05
Tbx6_pips	0.998665	0.00133539	2.87094e-10
Tbx5_pips	0.44848	0.551519	8.54951e-07
Tbx4_pips	0.657943	0.342018	3.8998e-05
Tbx22_pips	0.999851	0.000149224	6.69717e-12
Tbx21_pips	0.999051	0.000948817	1.77633e-12
Tbx20_pips	0.98495	0.0150503	1.00094e-09
Tbx2_pips	0.993115	0.00688479	3.22334e-10
Tbx19_pips	0.571606	0.428391	2.17267e-06
Tbx18_pips	0.0791055	0.920838	5.64388e-05
Tbr1_pips	0.999629	0.000370586	9.10888e-12
Tbc1d9_pips	0.711671	0.288327	1.77749e-06
Tbc1d8b_pips	0.0385423	0.961373	8.45682e-05
Tbc1d5_pips	0.605323	0.394677	5.49298e-07
Tbc1d4_pips	0.150605	0.84939	5.41026e-06
Tbc1d21_pips	0.999985	1.46566e-05	5.8072e-18
Tbc1d14$LOC100044325_pips	0.315183	0.684816	6.44138e-07
Tbc1d10c_pips	0.999418	0.000581923	3.46335e-11
Tbc1d1$LOC100046817_pips	0.969173	0.0308272	7.26769e-10
Tat_pips	0.877338	0.122662	1.92824e-07
Tas2r119_pips	0.969834	0.0301658	3.57223e-09
Tas2r108_pips	0.480059	0.519941	3.86662e-07
Tas2r105_pips	0.999968	3.24212e-05	4.55891e-14
Tas1r2_pips	0.560801	0.439197	1.26678e-06
Tas1r1_pips	0.992361	0.00763874	1.77254e-09
Tapbpl_pips	0.955817	0.0441831	2.06543e-07
Tap2_pips	0.69186	0.30808	6.02636e-05
Tap1_pips	0.699948	0.300017	3.51115e-05
Tanc2_pips	0.0482658	0.945701	0.00603288
Tal2_pips	0.999226	0.000774133	6.35444e-12
Tal1_pips	0.999964	3.58147e-05	1.34987e-12
Tagln3_pips	0.99187	0.00812949	9.06355e-08
Taf15_pips	0.999553	0.000446874	6.69306e-11
Tada1l_pips	0.312017	0.687982	1.78881e-06
Tacstd2_pips	0.99903	0.000970125	2.71754e-13
Tacr3_pips	0.927954	0.0720456	1.0825e-07
Tacr1_pips	0.906767	0.0932328	1.53362e-07
Tac4_pips	0.999971	2.93463e-05	1.31339e-15
Tac2_pips	6.50792e-07	0.0806994	0.9193
Tac1_pips	0.850759	0.149241	8.94714e-08
Taar1_pips	0.995367	0.00463254	3.62215e-10
T2bp_pips	0.688497	0.311503	1.03061e-08
T_pips	0.999977	2.31719e-05	2.29837e-12
Sytl4_pips	0.654054	0.345945	5.99898e-07
Sytl2_pips	0.979357	0.0206428	6.47494e-09
Syt7_pips	0.876695	0.123305	1.57889e-07
Syt6_pips	0.961039	0.0389612	1.73549e-09
Syt4_pips	0.996824	0.00317604	2.68895e-10
Syt3_pips	0.784069	0.215931	3.67209e-08
Syt2_pips	0.979161	0.0208391	7.60609e-12
Syt17_pips	0.940708	0.0592923	1.39842e-09
Syt16_pips	0.999944	5.5606e-05	9.368e-15
Syt13_pips	0.98803	0.0119696	6.57773e-10
Syt12_pips	0.784845	0.215142	1.37434e-05
Syt10_pips	0.948281	0.0517193	2.53173e-09
Syt1_pips	0.99021	0.0097887	8.80607e-07
Sypl2_pips	0.801082	0.198918	1.81383e-07
Syp_pips	0.327739	0.672259	2.24821e-06
Synpr_pips	0.999845	0.000154717	3.57349e-13
Synpo2l_pips	0.999999	1.36352e-06	2.3952e-16
Synj2_pips	0.894342	0.105592	6.62675e-05
Syngr4_pips	0.977004	0.0229958	2.02649e-08
Syngr3_pips	0.97528	0.02472	3.96665e-08
Syne2_pips	0.995576	0.00442391	4.53793e-08
Syne1_pips	0.364156	0.635603	0.00024102
Sync_pips	0.988765	0.0112354	7.00187e-10
Syn3_pips	0.998044	0.0019557	4.60837e-09
Syn2_pips	0.988768	0.0112319	9.30587e-08
Sycp2_pips	0.999999	9.12552e-07	4.11173e-15
Sycn_pips	0.990903	0.00909652	7.5934e-10
Svs7_pips	0.999998	1.73089e-06	6.06769e-18
Svs6_pips	0.999483	0.000517491	4.35097e-14
Svs5_pips	0.518919	0.481081	1.60896e-07
Svs4_pips	1	1.67774e-07	1.02681e-18
Svs3a_pips	0.999946	5.37242e-05	2.62802e-15
Svs2_pips	0.999803	0.00019691	1.69497e-16
Svop_pips	0.989152	0.0108475	3.97729e-07
Svep1_pips	0.718865	0.281134	2.29623e-07
Sval2_pips	0.999982	1.75254e-05	2.14773e-13
Sval1_pips	0.999998	1.65445e-06	2.10841e-18
Sva_pips	0.999857	0.000142535	2.29436e-14
Sv2b_pips	0.980004	0.0199965	2.75135e-10
Susd3_pips	0.822972	0.177028	2.60351e-08
Sumo3_pips	0.999994	6.1399e-06	1.15872e-13
Sult3a1_pips	0.999998	2.27181e-06	1.10843e-17
Sult2b1_pips	0.852004	0.147995	7.68034e-07
Sult1e1_pips	0.999958	4.23872e-05	2.17881e-15
Sult1d1_pips	0.999993	6.82991e-06	1.02657e-14
Sult1c2_pips	0.985564	0.0144354	3.62979e-07
Sult1b1_pips	0.999995	5.15647e-06	1.65933e-13
Sult1a1_pips	0.998938	0.00106195	6.455e-12
Sucnr1_pips	1	4.67248e-07	7.77534e-16
Styxl1_pips	0.999812	0.000187903	2.73478e-09
Styk1_pips	0.811266	0.188733	1.65634e-07
Stxbp6_pips	0.996654	0.0033463	9.55708e-10
Stxbp5_pips	0.895153	0.104796	5.1302e-05
Stxbp4_pips	0.991667	0.00833201	7.66445e-07
Stx1b1_pips	0.999852	0.000147529	5.15093e-14
Stx1a_pips	0.688564	0.311015	0.000421504
Stx19_pips	0.999814	0.000185669	5.70358e-13
Strm_pips	0.999971	2.94834e-05	3.20535e-15
Strc_pips	0.402482	0.597513	4.61834e-06
Stra6_pips	0.922185	0.0778145	2.82639e-07
Stox2_pips	0.732087	0.267912	1.38364e-06
Ston2_pips	0.775978	0.22402	1.78067e-06
Stoml3_pips	0.997647	0.00235305	1.06962e-09
Stmn4_pips	0.496321	0.503678	2.86837e-07
Stk39_pips	0.903734	0.0962637	2.36194e-06
Stk36_pips	0.989709	0.0102904	1.49411e-07
Stk32c_pips	0.944893	0.0551066	3.66625e-09
Stk32b_pips	0.885783	0.114217	2.03375e-08
Stk32a_pips	0.980639	0.019361	1.57555e-07
Stk22s1_pips	0.593257	0.406743	5.08145e-08
Stfa3_pips	0.999954	4.62317e-05	1.53982e-13
Stfa2l1_pips	1	1.42792e-07	1.97335e-18
Steap4_pips	0.957871	0.0421287	2.81188e-09
Stc1_pips	0.648946	0.351051	2.52593e-06
Stbd1_pips	0.642499	0.357498	3.0656e-06
Stat5a_pips	0.0596187	0.940287	9.47991e-05
Stat2_pips	0.986946	0.0130543	8.4063e-08
Stard7_pips	0.998525	0.00147475	3.41094e-09
Stard6_pips	0.638955	0.361042	2.68481e-06
Stard5_pips	0.872232	0.127768	8.76007e-08
Stard13_pips	0.549705	0.450236	5.87403e-05
Star_pips	0.957101	0.0428991	2.50406e-09
Stac3_pips	0.94766	0.05234	2.7918e-07
Stac_pips	0.630205	0.369795	4.79819e-08
Stab2_pips	0.90739	0.0926102	5.75874e-09
Stab1_pips	0.923067	0.076928	5.39337e-06
St8sia6_pips	0.999675	0.000324852	5.98167e-14
St8sia5_pips	0.774885	0.225115	3.07273e-08
St8sia4_pips	0.929101	0.0708984	3.86287e-07
St8sia3_pips	0.362413	0.637492	9.42079e-05
St8sia2_pips	0.0912618	0.908714	2.37481e-05
St7_pips	0.00840894	0.987666	0.00392472
St6galnac5_pips	0.996428	0.00357156	2.58242e-11
St6galnac3_pips	0.998224	0.00177557	2.28848e-13
St6galnac2_pips	0.99422	0.00577994	9.14951e-11
St6galnac1_pips	0.999949	5.12646e-05	1.3345e-17
St6gal2_pips	0.999808	0.000191776	1.01795e-12
St3gal6_pips	0.00352881	0.968358	0.0281129
St3gal1_pips	0.973259	0.0267406	4.01812e-07
St18_pips	0.999969	3.1437e-05	1.06845e-11
Sstr5_pips	0.991993	0.00800696	4.64433e-08
Sstr4_pips	0.97304	0.0269604	5.92155e-10
Sstr3_pips	0.996635	0.00336496	3.47828e-10
Sstr2_pips	0.999166	0.000834395	3.34847e-10
Sstr1_pips	0.998745	0.0012547	2.68547e-13
Sst_pips	0.00423896	0.99544	0.000321235
Sspo_pips	0.629986	0.370008	6.26201e-06
Sspn_pips	0.335177	0.664601	0.000222511
Ssh3_pips	0.0448935	0.954774	0.000332889
Ssbp2_pips	0.0628635	0.929477	0.00765978
Sry_pips	0.999991	8.85121e-06	9.34188e-18
Srrp_pips	1	2.96775e-07	7.60173e-19
Srr_pips	0.999943	5.74577e-05	7.05595e-12
Srpx2_pips	0.765241	0.234759	3.16251e-07
Srpx_pips	0.99332	0.00668006	5.93949e-11
Srpk3_pips	0.999972	2.82175e-05	4.20047e-12
Srms_pips	0.127982	0.872017	7.70521e-07
Srgap3_pips	0.988124	0.0118758	4.98773e-09
Srgap1_pips	0.999779	0.000220779	3.38224e-10
Srd5a2l2_pips	0.999988	1.23515e-05	3.60338e-15
Srd5a2_pips	0.723151	0.276849	3.01442e-10
Spz1_pips	0.998403	0.00159651	1.05984e-10
Spty2d1_pips	0.955903	0.0440964	3.22587e-07
Sptlc3_pips	0.998607	0.00139284	2.21307e-10
Spt2_pips	1	1.43549e-07	4.39526e-19
Spt1_pips	1	1.22274e-07	3.38425e-19
Spsb4_pips	0.976975	0.0230245	1.96911e-07
Spry3_pips	0.999991	9.19385e-06	4.40951e-16
Sprr3_pips	0.462095	0.537904	9.19918e-07
Sprr2i_pips	0.994408	0.00559155	6.4755e-10
Sprr2f_pips	0.999952	4.75544e-05	5.76116e-13
Sprr2d_pips	0.0134902	0.986481	2.91957e-05
Sprr1b_pips	0.998897	0.00110252	3.57632e-10
Sprr1a_pips	0.000996728	0.998675	0.000328508
Sprn_pips	0.999684	0.000315522	3.49738e-13
Spred3_pips	0.851337	0.148622	4.04657e-05
Spp2_pips	0.99695	0.0030505	7.90008e-11
Spon2_pips	0.825825	0.174172	2.53751e-06
Spon1_pips	0.975622	0.0243775	1.4836e-10
Spock3_pips	0.999994	6.10483e-06	2.86258e-14
Spock1_pips	0.991327	0.00867342	6.0421e-11
Spo11_pips	0.99375	0.00624973	2.16502e-10
Spnb1_pips	0.443705	0.556211	8.41999e-05
Spn_pips	0.936483	0.0635166	5.55671e-08
Spint4_pips	0.914799	0.0852009	1.03112e-09
Spinlw1_pips	0.889214	0.110786	1.2817e-08
Spink8_pips	0.999171	0.000829306	8.54208e-12
Spink5_pips	0.999999	1.24368e-06	5.36055e-18
Spink4_pips	0.966904	0.0330963	8.37881e-09
Spink2_pips	0.51001	0.48999	1.3867e-07
Spink12_pips	0.999817	0.000183034	2.19926e-11
Spink10_pips	0.999193	0.000806995	1.0114e-09
Spib_pips	0.997046	0.00295425	1.74673e-09
Sphk1_pips	0.9154	0.0845995	1.03996e-07
Spg3a_pips	0.99999	9.92955e-06	2.48131e-15
Spert_pips	0.280101	0.719897	1.91692e-06
Spem1_pips	0.94897	0.05103	1.96392e-08
Speg_pips	0.91538	0.084619	8.2536e-07
Spef1_pips	0.997967	0.00203343	1.42262e-10
Speer4b$EG664804_pips	1	1.36229e-07	4.03577e-19
Spdyb_pips	0.808167	0.191831	1.62133e-06
Spdef_pips	0.868101	0.131899	3.58975e-08
Spatc1_pips	0.999993	6.88492e-06	1.22621e-15
Spata9_pips	0.130763	0.869211	2.57964e-05
Spata4_pips	0.99991	9.00858e-05	7.0925e-12
Spata3_pips	0.712202	0.28779	8.68782e-06
Spata2L_pips	0.817154	0.182846	2.2653e-08
Spata19_pips	0.99885	0.0011498	5.62032e-13
Spata17_pips	0.999674	0.000325745	7.42193e-10
Spata16_pips	0.978822	0.0211775	1.94134e-11
Spata1_pips	0.999988	1.24289e-05	3.32166e-10
Sparcl1_pips	0.990635	0.00936467	2.29905e-10
Spam1_pips	0.999999	6.649e-07	7.10458e-17
Spag8_pips	0.891946	0.108053	5.36512e-07
Spag6_pips	0.981599	0.0184014	5.3439e-11
Spag16_pips	0.998556	0.00144446	1.60962e-09
Spag1_pips	0.995616	0.00438423	1.60896e-08
Spaca4_pips	0.723422	0.276577	6.30835e-07
Spaca3_pips	0.978473	0.021527	8.86969e-09
Spaca1_pips	0.999686	0.000314429	3.55581e-12
Spa17_pips	0.963796	0.0362017	1.89428e-06
Sp8_pips	0.999857	0.000143219	9.9795e-16
Sp7_pips	0.535952	0.464031	1.71935e-05
Sp6_pips	0.168237	0.831668	9.41292e-05
Sp5_pips	0.992858	0.00714206	4.67022e-10
Sp4_pips	0.996867	0.00313349	1.52802e-10
Sp100_pips	0.997376	0.0026244	1.30594e-10
Sox9_pips	0.950881	0.0491187	2.96931e-07
Sox8_pips	0.999479	0.000520695	1.98067e-14
Sox7_pips	0.994368	0.00563216	1.01553e-12
Sox6_pips	0.940859	0.0591403	5.81433e-07
Sox5_pips	0.827128	0.172868	3.88696e-06
Sox30_pips	0.999956	4.42139e-05	1.34608e-13
Sox18_pips	0.987892	0.0121077	6.98402e-12
Sox17_pips	0.652741	0.347258	1.4555e-06
Sox1_pips	0.999331	0.000668984	7.2652e-13
Sostdc1_pips	0.941157	0.058843	1.18149e-09
Sorcs3_pips	0.182597	0.817401	1.41591e-06
Sorcs2_pips	0.977424	0.0225759	2.03384e-08
Sorcs1_pips	0.997057	0.00294348	1.82032e-09
Sorbs2_pips	0.997323	0.00267669	3.11618e-08
Sohlh1_pips	0.925352	0.0746477	2.05268e-08
Sod3_pips	0.692967	0.307033	2.06183e-07
Socs1_pips	0.926736	0.0732636	1.5967e-08
Sobp_pips	0.976863	0.0231375	1.12617e-09
Soat2_pips	0.998165	0.00183522	1.67034e-10
Snx26_pips	0.913935	0.0860652	4.74261e-09
Snx22_pips	0.852375	0.147624	1.6966e-07
Snx21_pips	0.207699	0.792177	0.000123963
Sntg2_pips	0.995621	0.00437879	7.49315e-11
Sntg1_pips	0.999903	9.71332e-05	3.31438e-09
Sntb1_pips	0.999116	0.000883707	4.58987e-12
Snf1lk_pips	0.990813	0.00918701	2.34732e-11
Sncg_pips	0.002913	0.991115	0.00597228
Sncaip_pips	0.995635	0.00436547	6.02487e-12
Snca_pips	0.942455	0.0575451	2.88272e-08
Snapc5_pips	1	1.18661e-09	4.04938e-21
Snap25_pips	0.999995	5.00365e-06	9.36762e-13
Snai2_pips	0.658168	0.341832	3.50044e-08
Snai1_pips	0.764491	0.235508	1.6071e-06
Smyd1_pips	0.995779	0.00422055	3.26495e-08
Smtnl1_pips	0.99966	0.00034014	4.57636e-10
Smr2_pips	0.584873	0.415127	1.54012e-07
