Loci	mef_0	mef_1	mef_2
p_mef	0.820462	0.179538	1.43389e-08
a_mef	0.999438	0.000561783	2.86369e-14
Zxdb_mef	0.549568	0.450374	5.74575e-05
Zswim5_mef	0.407652	0.592206	0.000142452
Zswim2_mef	0.999656	0.000343559	4.51334e-10
Zscan20_mef	0.948291	0.0517069	2.2675e-06
Zscan2_mef	0.999141	0.000859198	5.58125e-10
Zpbp2_mef	0.998222	0.0017783	2.60295e-08
Zpbp_mef	0.997261	0.00273877	4.16269e-08
Zp3r_mef	0.960905	0.0390954	3.85731e-09
Zp3_mef	0.999736	0.000264027	8.71522e-12
Zp2_mef	0.991619	0.00838065	1.13301e-11
Zp1_mef	0.999915	8.46325e-05	5.65871e-12
Znrf4_mef	0.887703	0.112297	1.95387e-08
Zmynd15_mef	0.996647	0.00335319	3.16677e-09
Zmynd12_mef	0.999992	8.05989e-06	6.1027e-12
Zmynd10_mef	0.99813	0.00187003	4.94792e-08
Zmiz1_mef	0.881415	0.118578	7.66172e-06
Zmat4_mef	0.994442	0.00555849	3.81005e-09
Zmat1_mef	0.570828	0.429158	1.41457e-05
Zkscan6_mef	0.987783	0.0122168	1.77423e-08
Zim1_mef	0.998584	0.00141575	4.35608e-10
Zic4_mef	0.998584	0.00141638	2.95211e-10
Zic1_mef	0.143833	0.856023	0.000144046
Zhx3_mef	0.953827	0.0461625	1.05495e-05
Zhx2_mef	0.00300142	0.996669	0.000329965
Zfyve28_mef	0.892407	0.107579	1.36688e-05
Zfyve27_mef	0.944971	0.055024	4.82505e-06
Zfyve16_mef	0.935656	0.0641954	0.000148705
Zfy1_mef	0.885373	0.114605	2.10885e-05
Zfpm2_mef	0.0998736	0.899597	0.000529287
Zfp94_mef	0.967178	0.0328186	3.54949e-06
Zfp92_mef	0.795394	0.204605	2.24147e-07
Zfp9_mef	4.50173e-06	0.111631	0.888365
Zfp82_mef	0.988352	0.0116476	5.32599e-08
Zfp811_mef	0.999952	4.75389e-05	1.56081e-11
Zfp804a_mef	0.999993	7.48918e-06	6.20002e-12
Zfp787$LOC100041228_mef	0.759622	0.240378	2.75002e-07
Zfp786_mef	0.999601	0.000399307	3.39147e-09
Zfp784_mef	0.952772	0.0472277	2.57711e-08
Zfp78_mef	0.988421	0.011579	2.84188e-09
Zfp768_mef	0.147873	0.851516	0.000611681
Zfp759_mef	0.99998	1.97251e-05	1.98965e-09
Zfp750_mef	0.995882	0.0041179	9.37197e-10
Zfp75_mef	0.994642	0.00535757	8.67265e-09
Zfp711_mef	0.999979	2.09465e-05	6.40091e-11
Zfp709_mef	0.994512	0.00548798	5.0862e-08
Zfp708_mef	0.999983	1.73406e-05	8.07287e-10
Zfp697_mef	0.929383	0.070616	1.52501e-06
Zfp689_mef	0.998575	0.00142536	8.2378e-09
Zfp677_mef	0.133785	0.86571	0.000504955
Zfp672_mef	0.0910194	0.908287	0.000693766
Zfp661_mef	0.983398	0.0166017	1.31759e-07
Zfp653_mef	0.985635	0.0143652	5.44169e-08
Zfp629_mef	0.811333	0.188638	2.88722e-05
Zfp619_mef	0.909427	0.0905724	3.18859e-07
Zfp612_mef	0.991515	0.00848495	6.62446e-09
Zfp608_mef	0.999243	0.000757353	5.86201e-10
Zfp606_mef	0.998241	0.00175792	6.92328e-07
Zfp597_mef	0.859768	0.140231	2.49361e-07
Zfp595_mef	0.836654	0.163345	1.22981e-06
Zfp59_mef	0.999997	2.86635e-06	8.30556e-13
Zfp583_mef	0.995907	0.00409188	7.05786e-07
Zfp563_mef	0.954061	0.0459311	7.99818e-06
Zfp551_mef	0.998515	0.00148508	2.88525e-09
Zfp541_mef	0.985377	0.0146233	2.82595e-08
Zfp536_mef	0.998985	0.0010151	4.38409e-09
Zfp53$LOC100044273_mef	0.134562	0.865428	9.98838e-06
Zfp524_mef	0.911753	0.0882255	2.16204e-05
Zfp521_mef	0.000769337	0.993347	0.0058838
Zfp52_mef	0.999902	9.84251e-05	3.41484e-11
Zfp509_mef	0.998813	0.00118693	1.42076e-09
Zfp503_mef	0.00069244	0.842419	0.156889
Zfp474_mef	0.993431	0.00656891	1.03517e-09
Zfp467_mef	0.899642	0.100356	2.1632e-06
Zfp458_mef	0.999797	0.000202883	3.21802e-11
Zfp455_mef	0.999968	3.18989e-05	9.77838e-13
Zfp454_mef	0.344472	0.655497	3.06413e-05
Zfp40_mef	0.999994	5.98281e-06	4.00078e-11
Zfp398_mef	0.999504	0.000495847	7.76457e-10
Zfp39_mef	0.996441	0.00355779	1.25612e-06
Zfp358_mef	0.316241	0.683718	4.08502e-05
Zfp354b_mef	0.998423	0.00157657	2.73725e-09
Zfp334_mef	0.999997	3.18167e-06	8.77642e-13
Zfp324_mef	0.94237	0.0576154	1.46409e-05
Zfp319_mef	0.998604	0.00139633	4.67236e-09
Zfp316_mef	0.999175	0.000824633	1.53362e-07
Zfp30_mef	0.740772	0.259227	1.12039e-06
Zfp3_mef	0.99902	0.000979861	4.89893e-08
Zfp287_mef	0.940533	0.0594654	1.52401e-06
Zfp286_mef	0.619476	0.380449	7.55666e-05
Zfp282_mef	0.74412	0.255877	2.80468e-06
Zfp28_mef	0.98385	0.0161491	4.88645e-07
Zfp276_mef	0.908329	0.0916685	2.34525e-06
Zfp273_mef	0.999751	0.00024947	5.35894e-10
Zfp27_mef	0.999292	0.000707219	7.52517e-07
Zfp248_mef	0.998653	0.00134655	1.3957e-09
Zfp213_mef	0.953338	0.046661	8.00036e-07
Zfp202_mef	0.834178	0.165801	2.07558e-05
Zfp2_mef	0.995734	0.00426338	2.16499e-06
Zfp189_mef	0.999988	1.16709e-05	1.2665e-10
Zfp182_mef	0.953945	0.0460545	8.15221e-08
Zfp179_mef	0.960552	0.0394481	8.15523e-10
Zfp169_mef	0.616752	0.382819	0.00042926
Zfp142_mef	0.999365	0.000634729	1.44788e-07
Zfp14_mef	0.990097	0.00990281	9.74818e-08
Zfp128_mef	0.967078	0.0329195	2.66292e-06
Zfp119_mef	0.95963	0.0403699	1.14478e-08
Zfp113_mef	0.999593	0.00040722	2.78332e-10
Zfp112_mef	0.609944	0.390033	2.25169e-05
Zfp111_mef	0.911368	0.0886301	1.90136e-06
Zfp11_mef	0.586146	0.41373	0.000123714
Zfp109_mef	0.934027	0.0659622	1.12054e-05
Zfp108_mef	0.99941	0.00059021	1.19041e-09
Zfhx4_mef	0.0010583	0.988355	0.0105868
Zfat1_mef	0.902342	0.0976577	5.24419e-08
Zer1_mef	0.999989	1.14029e-05	1.01855e-11
Zeb2_mef	0.209524	0.790389	8.66888e-05
Zdhhc25_mef	0.999965	3.5327e-05	9.84122e-13
Zdhhc22_mef	0.703	0.296939	6.13431e-05
Zdhhc2_mef	0.00202724	0.962966	0.0350072
Zdhhc19_mef	0.999776	0.000223736	3.2916e-11
Zdhhc17_mef	0.924083	0.0759141	3.11861e-06
Zdhhc14_mef	0.921392	0.0786058	1.7169e-06
Zdhhc11_mef	0.999262	0.00073845	5.80453e-11
Zcchc5_mef	0.00103412	0.998276	0.000689403
Zcchc4_mef	0.960986	0.0390131	5.32063e-07
Zcchc18_mef	0.884693	0.115306	2.29339e-07
Zc3hav1_mef	0.987434	0.012566	1.95461e-08
Zc3h7a_mef	0.973477	0.0265222	8.91895e-07
Zc3h6_mef	0.943035	0.0569644	4.73538e-07
Zc3h12d_mef	0.999989	1.10957e-05	2.5095e-15
Zbtb8os_mef	1	5.39438e-08	2.89699e-13
Zbtb7c_mef	0.804818	0.195139	4.25948e-05
Zbtb46_mef	0.97783	0.0221695	1.83247e-07
Zbtb4_mef	0.0150222	0.981001	0.00397677
Zbtb38_mef	0.997454	0.00254639	3.95899e-08
Zbtb37_mef	1	6.13734e-09	8.4473e-16
Zbtb20_mef	0.415936	0.584031	3.33554e-05
Zbtb16_mef	0.72692	0.273078	2.01059e-06
Zbed3_mef	0.993526	0.00647432	1.51718e-07
Zan_mef	0.714132	0.285861	7.13817e-06
Ypel4_mef	0.999184	0.000816269	3.6109e-10
Ypel1_mef	0.685657	0.314322	2.16002e-05
Yod1_mef	0.996767	0.00323242	1.80807e-07
Xtrp3s1_mef	0.999522	0.000477813	1.81113e-13
Xpnpep2_mef	0.0691558	0.930824	2.06655e-05
Xkrx_mef	0.996188	0.00381234	2.71821e-10
Xkr6_mef	0.993039	0.00696075	8.30602e-08
Xkr4_mef	0.999688	0.000311725	1.40724e-09
Xk_mef	0.993649	0.00635079	2.67707e-07
Xirp1_mef	0.998584	0.0014164	2.9568e-09
Xdh_mef	0.999467	0.000533493	1.12165e-12
Xcr1_mef	0.999441	0.000559458	1.52172e-11
Xcl1_mef	0.979488	0.0205122	5.7495e-10
Wwox_mef	0.869982	0.129994	2.43585e-05
Wscd1_mef	0.983925	0.0160753	1.59816e-07
Wnt9b_mef	0.633485	0.366515	1.83306e-07
Wnt9a_mef	0.0024272	0.993243	0.00432959
Wnt8b_mef	0.997833	0.00216699	1.7094e-11
Wnt8a_mef	0.999954	4.56791e-05	1.15576e-15
Wnt6_mef	0.293211	0.706118	0.000670822
Wnt5b_mef	0.97722	0.0227802	3.70045e-09
Wnt5a_mef	0.0054432	0.993772	0.000784397
Wnt4_mef	0.124738	0.875031	0.000231029
Wnt3a_mef	0.771538	0.228462	1.8962e-07
Wnt2b_mef	0.998538	0.00146241	2.70974e-11
Wnt2_mef	0.975276	0.0247242	2.36717e-07
Wnt16_mef	0.939885	0.0601139	1.14254e-06
Wnt11_mef	0.446392	0.552891	0.000717277
Wnt10b_mef	0.947513	0.0524873	1.33553e-07
Wnt10a_mef	0.665601	0.334398	5.23204e-07
Wnt1_mef	0.990126	0.00987448	1.08376e-09
Wnk4_mef	0.999538	0.000461894	2.57579e-08
Wnk2_mef	0.860841	0.139155	4.36941e-06
Wisp1_mef	2.4444e-08	0.0680927	0.931907
Wipi1_mef	0.336353	0.66352	0.000127099
Wif1_mef	0.999854	0.000145853	1.33439e-11
Whrn_mef	0.184857	0.811553	0.00359062
Whdc1_mef	0.998462	0.00153844	1.48439e-10
Wfikkn2_mef	0.876619	0.12338	9.87542e-07
Wfdc6a_mef	0.999979	2.07027e-05	6.3607e-12
Wfdc5_mef	0.86802	0.13198	1.76816e-08
Wfdc3_mef	0.997551	0.00244867	1.43473e-08
Wfdc15b_mef	0.944072	0.0559283	8.23483e-09
Wfdc12_mef	0.482377	0.5176	2.30989e-05
Wee2_mef	0.999995	5.32056e-06	2.82501e-13
Wdr86_mef	0.997461	0.00253927	1.38651e-09
Wdr78_mef	0.99999	1.04501e-05	8.86812e-10
Wdr69_mef	0.999996	3.62273e-06	2.94772e-13
Wdr63_mef	0.996943	0.00305665	1.25811e-09
Wdr60_mef	0.0372738	0.961581	0.00114552
Wdr5b_mef	0.996644	0.0033558	6.73802e-08
Wdr38_mef	0.868165	0.131831	3.56656e-06
Wdr27_mef	0.999979	2.14452e-05	2.79676e-10
Wdr22_mef	0.974281	0.0257191	1.26417e-08
Wdr20b_mef	0.999998	2.35596e-06	3.12284e-14
Wdr19_mef	0.967229	0.032769	1.77129e-06
Wdr17_mef	0.999936	6.41813e-05	1.65619e-10
Wdr16_mef	0.999993	6.9647e-06	1.28475e-09
Wbscr28_mef	0.841605	0.158394	2.32774e-07
Was_mef	0.999551	0.000449053	1.34353e-11
Wars2_mef	0.145894	0.853883	0.00022302
Wap_mef	0.75878	0.241217	2.46996e-06
Vwf_mef	0.999772	0.000227857	2.37701e-11
Vwc2_mef	0.998891	0.00110946	7.1447e-10
Vwa2_mef	0.998881	0.00111935	6.21882e-12
Vwa1_mef	0.941707	0.0582931	1.7428e-07
Vtn_mef	0.990013	0.00998701	2.89772e-08
Vti1a_mef	0.702151	0.297836	1.29706e-05
Vtcn1_mef	0.998146	0.0018545	1.06747e-11
Vsx1_mef	0.604537	0.395461	2.13743e-06
Vstm2_mef	1	2.70615e-07	1.66149e-16
Vsnl1_mef	0.98202	0.0179796	1.46316e-08
Vsig8_mef	0.999984	1.61569e-05	3.19563e-12
Vsig2_mef	0.929737	0.0702626	4.38391e-07
Vsig1_mef	0.999957	4.25767e-05	3.67681e-14
Vps37d_mef	0.468522	0.531299	0.000178511
Vps13c_mef	0.994284	0.00571647	5.39909e-09
Vpreb3_mef	0.933344	0.0666545	1.73508e-06
Vpreb1_mef	0.999993	6.60854e-06	8.09583e-12
Vnn3_mef	0.644882	0.355116	2.33403e-06
Vnn1_mef	0.00468687	0.984636	0.0106776
Vldlr_mef	0.212345	0.787471	0.000183271
Vit_mef	0.999191	0.000809193	1.71921e-12
Vipr2_mef	0.979366	0.0206341	2.07783e-09
Vipr1_mef	0.998754	0.00124622	2.57991e-11
Vip_mef	0.970253	0.0297465	1.82256e-07
Vil1_mef	0.999971	2.9388e-05	1.32222e-13
Vgll2_mef	0.968424	0.0315754	9.75713e-08
Vgll1_mef	0.843157	0.156843	2.00066e-07
Vgf_mef	0.4579	0.542003	9.69715e-05
Vezt_mef	0.971915	0.0280849	1.27753e-07
Veph1_mef	0.999713	0.000286943	3.4615e-12
Vdr_mef	0.454452	0.545439	0.000109001
Vcan_mef	0.000167053	0.602145	0.397688
Vax1_mef	0.641445	0.358538	1.69508e-05
Vav3_mef	0.997464	0.002536	2.3483e-08
Vav1_mef	0.99998	2.03305e-05	3.49066e-13
Vash2_mef	0.0197774	0.976606	0.00361639
Vamp5_mef	0.00404873	0.994751	0.0012002
Vamp1_mef	0.939027	0.06097	3.03936e-06
V2r16_mef	0.999853	0.000146555	3.22842e-11
V1rd9_mef	0.999998	2.19988e-06	3.13192e-15
V1rd6_mef	0.0214968	0.978283	0.000220288
V1rd4_mef	0.999994	5.89141e-06	1.28558e-14
V1rd3_mef	0.999984	1.63565e-05	5.6813e-14
V1rc8$V1rc22_mef	1	3.34398e-07	2.22606e-16
V1rc7_mef	1	2.47798e-07	1.47142e-16
V1rc6_mef	0.999997	3.40985e-06	9.65766e-15
V1rc5_mef	0.999204	0.000795829	6.61347e-11
V1rc3_mef	0.999943	5.70363e-05	3.58715e-13
V1rc22_mef	1	2.87033e-08	7.89097e-18
V1rc2_mef	0.999887	0.000113149	6.43736e-12
V1rc1_mef	0.998441	0.00155924	1.03553e-09
V1rb8_mef	0.999776	0.00022359	1.80247e-12
V1rb7_mef	0.999475	0.00052484	1.10678e-12
V1rb6_mef	0.964937	0.035063	9.02644e-09
V1rb5_mef	1	3.53271e-07	2.40191e-16
V1rb3_mef	0.998032	0.0019682	5.97626e-11
V1rb2_mef	0.999602	0.000397879	8.03786e-12
V1rb10_mef	0.998704	0.00129639	1.01262e-11
V1rb1_mef	0.998911	0.00108897	2.83532e-11
V1ra9_mef	0.980133	0.0198671	8.00795e-10
V1ra6_mef	0.950157	0.0498431	1.09737e-08
V1ra5_mef	0.999998	1.55174e-06	2.82529e-15
V1ra4$V1ra3_mef	1	7.76228e-08	3.01079e-17
V1ra2_mef	0.999986	1.43613e-05	3.22382e-14
V1ra1_mef	1	3.86399e-08	1.17502e-17
Uty_mef	0.883156	0.116793	5.10432e-05
Uts2r_mef	0.89827	0.10173	4.94741e-08
Uts2_mef	0.994865	0.00513544	3.51723e-10
Usp9y_mef	0.999245	0.000755035	1.75567e-11
Usp53_mef	0.988219	0.0117807	6.70289e-07
Usp50_mef	0.999707	0.000293298	2.73022e-12
Usp43_mef	0.999628	0.000371704	6.36371e-10
Usp29_mef	0.999712	0.000288119	3.40618e-12
Usp25_mef	0.239876	0.758027	0.00209769
Usp20_mef	0.959261	0.0406542	8.51627e-05
Usp13_mef	0.963794	0.0362051	1.03345e-06
Ushbp1_mef	0.99568	0.00431978	1.03625e-08
Ush2a_mef	0.894736	0.105264	4.53996e-08
Ush1c_mef	0.883184	0.116815	1.29239e-06
Uqcrq_mef	0.997257	0.00274265	2.51496e-08
Upp2_mef	0.998732	0.00126768	5.12192e-11
Upk3b_mef	0.994695	0.00530525	6.87306e-10
Upk3a_mef	0.752579	0.247421	1.68292e-08
Upk1b_mef	0.261893	0.738103	4.38742e-06
Upk1a_mef	0.699336	0.300639	2.42638e-05
Upb1_mef	0.86584	0.13416	3.38502e-08
Uox_mef	0.913155	0.0868453	3.73857e-08
Uncx4.1_mef	0.99817	0.00182969	2.81598e-12
Unc5d_mef	0.998	0.00200049	2.17794e-09
Unc5cl_mef	0.994787	0.00521301	1.04371e-08
Unc5c_mef	0.0130599	0.986399	0.00054088
Unc45b_mef	0.999809	0.000191045	7.54902e-12
Unc13d_mef	0.987233	0.0127674	1.44809e-07
Unc13c_mef	0.998555	0.00144471	9.15808e-12
Unc13a_mef	0.998969	0.0010307	1.63291e-09
Umodl1_mef	0.998562	0.00143761	4.96184e-11
Umod_mef	0.999865	0.000135178	1.2797e-11
Ulk2_mef	0.00765051	0.986188	0.00616109
Ugt3a2_mef	0.894793	0.105206	4.07994e-07
Ugt2b5_mef	0.999873	0.000127135	1.46915e-11
Ugt2b38_mef	0.998955	0.00104497	1.25874e-10
Ugt2b37_mef	0.999859	0.000140689	1.08655e-11
Ugt2b36_mef	0.991058	0.00894184	1.14664e-08
Ugt2b35_mef	0.999787	0.00021254	4.49785e-10
Ugt2b34_mef	0.986397	0.0136026	1.44202e-09
Ugt2b1_mef	0.999461	0.000539294	4.2493e-11
Ugt2a3_mef	0.997658	0.00234244	3.88333e-10
Ugt2a1_mef	0.998169	0.00183091	3.4186e-09
Ugcgl2_mef	0.00106886	0.997896	0.00103505
Ucp3_mef	0.185224	0.814765	1.13472e-05
Ucp1_mef	0.984314	0.0156859	6.04715e-09
Ucn3_mef	0.999977	2.30561e-05	3.94144e-13
Ucn_mef	0.521404	0.478595	7.69183e-07
Uchl4$Uchl3_mef	1	6.58783e-08	2.4111e-17
Ubxd3_mef	0.811094	0.188906	1.7719e-08
Ubqlnl_mef	0.352447	0.647438	0.000114747
Ubqln3_mef	0.998893	0.00110708	7.76385e-09
Ubl4b_mef	0.978464	0.0215356	7.50047e-10
Ube2u_mef	0.999977	2.33627e-05	3.1934e-14
Ube2m_mef	0.991345	0.0086548	9.27449e-08
Ube2l6_mef	0.999925	7.5262e-05	1.61347e-12
Ubd_mef	0.999955	4.49126e-05	8.36291e-15
Ubash3a_mef	0.993083	0.00691656	7.65154e-10
Tyrp1_mef	0.998446	0.00155385	2.06827e-13
Tyrobp_mef	0.653753	0.346247	4.20051e-07
Tyr_mef	0.989389	0.0106108	1.21411e-09
Tyms_mef	0.999885	0.000114905	2.25979e-10
Tyki_mef	0.993651	0.00634914	6.00723e-11
Txnl6_mef	0.705266	0.294734	2.71095e-07
Txndc8_mef	0.576234	0.423755	1.1447e-05
Txndc3_mef	0.999908	9.18375e-05	1.50769e-11
Txndc2_mef	0.949669	0.0503309	1.99606e-09
Txlnb_mef	0.983698	0.0163024	2.90117e-08
Txk_mef	0.99987	0.000129747	1.84522e-13
Tusc5_mef	0.983544	0.0164559	8.4385e-10
Tulp2_mef	0.999996	4.07879e-06	7.66623e-12
Tulp1_mef	0.969992	0.0300076	1.57493e-07
Tubd1_mef	0.996722	0.00327844	1.12632e-08
Tubb4_mef	0.11054	0.889456	4.24901e-06
Tubb1_mef	0.994211	0.00578882	9.9255e-08
Tuba8_mef	0.903929	0.0960702	4.96862e-07
Tub_mef	0.973084	0.0269154	4.93059e-07
Ttyh1$Taf1_mef	0.999789	0.000211366	2.60991e-12
Ttn_mef	0.966492	0.0335083	8.93956e-09
Ttll9_mef	0.967317	0.0326831	2.82875e-07
Ttll3_mef	0.980307	0.0196931	7.10476e-08
Ttll13_mef	0.999952	4.75218e-05	2.59477e-11
Ttll11_mef	0.273919	0.725053	0.00102822
Ttll10_mef	0.998311	0.00168944	7.40659e-10
Ttl_mef	0.15327	0.846282	0.00044813
Ttc9b_mef	0.784705	0.215289	6.07974e-06
Ttc9_mef	4.43984e-06	0.0798136	0.920182
Ttc7_mef	0.996678	0.00332236	1.36676e-07
Ttc29_mef	1	2.97015e-07	6.69058e-11
Ttc25_mef	0.999941	5.90462e-05	9.50527e-13
Ttc23_mef	0.97765	0.0223132	3.69234e-05
Ttc22_mef	0.885711	0.114287	1.60719e-06
Ttc21a_mef	0.996404	0.00359529	8.94337e-07
Ttc17_mef	0.0760771	0.922135	0.00178822
Ttc16_mef	0.999903	9.66837e-05	3.38513e-10
Tsx_mef	0.97499	0.0250103	6.1286e-09
Tssk6_mef	0.998475	0.00152487	2.25752e-09
Tssk5_mef	0.236936	0.76305	1.38858e-05
Tssk4_mef	0.999975	2.5047e-05	1.50619e-12
Tssk3_mef	0.996392	0.00360769	6.85939e-09
Tssk2_mef	0.998539	0.00146083	2.33669e-10
Tssk1_mef	0.973264	0.0267362	1.73749e-07
Tspyl5_mef	0.998694	0.00130559	6.06183e-09
Tspyl3_mef	0.716779	0.283214	6.46135e-06
Tspan8_mef	0.999802	0.000198062	1.52942e-12
Tspan33_mef	0.843317	0.156669	1.38336e-05
Tspan11_mef	0.933277	0.0667222	1.12195e-06
Tspan10_mef	0.993485	0.00651474	1.98414e-08
Tspan1_mef	0.947715	0.0522847	3.51106e-07
Tsnaxip1_mef	0.999887	0.000112696	8.38145e-11
Tsku_mef	0.935686	0.0643127	1.80279e-06
Tshz3_mef	0.115549	0.883113	0.00133763
Tshz2_mef	0.990829	0.00917092	3.03074e-07
Tshr_mef	0.997826	0.0021738	5.72947e-10
Tshb_mef	0.827864	0.172136	1.49394e-08
Tsga13_mef	0.990813	0.00918655	3.0597e-11
Tsga10_mef	0.775301	0.224692	6.17823e-06
Tsc22d3_mef	0.00636232	0.950027	0.0436107
Trpv6_mef	0.412191	0.587804	4.32027e-06
Trpv4_mef	0.620984	0.378811	0.000205205
Trpv2_mef	0.036042	0.957125	0.00683304
Trpv1_mef	0.999995	5.42663e-06	1.21786e-12
Trpm8_mef	1	4.23199e-07	7.18429e-14
Trpm6_mef	0.973287	0.0267133	7.96785e-09
Trpm5_mef	0.999671	0.000329106	9.8921e-09
Trpm3_mef	0.999531	0.000469372	4.21536e-12
Trpm2_mef	0.833774	0.166203	2.27328e-05
Trpm1_mef	0.999798	0.000202391	5.96608e-09
Trpd52l3_mef	0.305631	0.694366	2.36967e-06
Trpc6_mef	0.999877	0.000123417	8.78228e-13
Trpc5_mef	0.995513	0.0044872	6.23405e-11
Trpc4_mef	0.294197	0.705469	0.000334343
Trpc3_mef	0.674262	0.325728	1.01758e-05
Trpc1_mef	0.00472877	0.951566	0.0437053
Trpa1_mef	0.868489	0.13151	1.86391e-07
Trp73_mef	0.966529	0.033471	1.49859e-08
Trp63_mef	0.995638	0.00436173	1.0087e-10
Trmt12_mef	0.999998	2.30662e-06	5.00341e-13
Trim9_mef	0.995613	0.00438702	3.91124e-10
Trim75_mef	0.999998	1.69935e-06	2.10035e-14
Trim7_mef	0.999875	0.000124479	5.24526e-08
Trim69_mef	0.999939	6.14075e-05	1.08374e-12
Trim68_mef	0.156372	0.843437	0.000191163
Trim66_mef	0.997299	0.00270076	3.56724e-09
Trim65_mef	0.990437	0.00956328	2.0231e-09
Trim63_mef	0.99989	0.000109775	1.0751e-13
Trim62_mef	0.933532	0.0664671	9.92111e-07
Trim60$Trim60_mef	0.955088	0.0449118	1.37131e-08
Trim60_mef	0.0776701	0.922185	0.000145393
Trim47_mef	0.00147844	0.809621	0.188901
Trim46_mef	0.932994	0.0670053	6.10194e-07
Trim42_mef	0.992755	0.00724485	4.14677e-09
Trim40_mef	0.879426	0.120574	1.22094e-08
Trim31_mef	0.999346	0.000653708	1.85026e-14
Trim30$AI451617_mef	0.999738	0.000262493	3.6341e-12
Trim29_mef	0.636156	0.363843	3.97076e-07
Trim16_mef	0.0705288	0.926696	0.00277539
Trim14_mef	0.999562	0.000438221	9.97322e-12
Trim10_mef	0.996936	0.00306377	4.78315e-10
Trib2_mef	0.51907	0.480921	8.75785e-06
Trib1_mef	0.987085	0.0129141	7.82367e-07
Trhr2_mef	0.96995	0.0300501	5.55713e-09
Trhr_mef	0.999994	5.64274e-06	2.35643e-16
Trhde_mef	0.999992	7.71708e-06	6.69407e-14
Trex2_mef	0.458693	0.541302	4.12158e-06
Treml4_mef	0.999873	0.000126559	4.4049e-11
Treml2$LOC100047904_mef	0.999942	5.78101e-05	3.68408e-13
Treml1_mef	0.305065	0.694932	3.06783e-06
Trem3_mef	0.990242	0.00975838	2.47926e-11
Trem1_mef	0.957997	0.0420026	8.65905e-09
Treh_mef	0.998463	0.00153705	2.18266e-11
Trat1_mef	0.999977	2.29295e-05	9.58149e-17
Traf6_mef	0.914952	0.085046	1.79749e-06
Traf5_mef	0.981674	0.0183255	1.44893e-08
Traf3ip3_mef	0.97564	0.0243601	8.81113e-10
Traf1_mef	0.994376	0.00562424	9.07306e-09
Tpte_mef	0.209618	0.790382	2.71811e-07
Tpsg1_mef	0.916937	0.0830629	2.51193e-07
Tpsb2_mef	0.998046	0.00195362	1.24545e-10
Tpsab1_mef	0.764561	0.235439	1.11582e-07
Tppp_mef	1	2.73887e-07	5.91105e-14
Tpo_mef	0.264421	0.735572	7.3229e-06
Tph1_mef	0.995645	0.00435544	1.66218e-09
Tpcn2_mef	0.972791	0.0272089	3.30468e-09
Tpbpb_mef	0.999479	0.000520926	6.53318e-12
Tpbpa_mef	0.999742	0.000258047	7.78989e-12
Tpbg_mef	0.000683291	0.97669	0.0226264
Tox3_mef	0.996302	0.00369808	1.58394e-09
Tox2_mef	0.996432	0.00356804	4.46527e-08
Tor3a$LOC100047963_mef	0.515247	0.484751	1.23838e-06
Tnxb_mef	0.997854	0.00214585	5.35954e-10
Tns4_mef	0.989157	0.0108428	6.76165e-10
Tnrc4_mef	0.0410162	0.958974	9.88209e-06
Tnp1_mef	0.99989	0.000109749	3.20485e-13
Tnnt3_mef	0.999972	2.77525e-05	4.94801e-13
Tnnt2_mef	0.460973	0.539027	2.89059e-07
Tnni3k_mef	0.999926	7.36056e-05	3.70963e-13
Tnni3_mef	0.999521	0.000478651	6.83007e-10
Tnni2_mef	0.999991	9.47299e-06	1.48841e-12
Tnni1_mef	0.30007	0.699926	3.8188e-06
Tnnc2_mef	0.998733	0.00126686	3.90031e-11
Tnnc1_mef	0.929533	0.0704351	3.22933e-05
Tnn_mef	0.000131507	0.985872	0.0139964
Tnmd_mef	4.84454e-06	0.883303	0.116692
Tnk1_mef	0.929296	0.0707039	2.55657e-07
Tnfsf8_mef	0.999773	0.000226671	4.60634e-12
Tnfsf4_mef	0.998781	0.00121915	3.23683e-11
Tnfsf14_mef	0.992068	0.00793222	3.94016e-11
Tnfsf13b_mef	0.999882	0.000118115	7.57956e-14
Tnfsf11_mef	0.02702	0.972625	0.000354872
Tnfsf10_mef	0.996995	0.00300518	8.82856e-13
Tnfrsf9_mef	0.983323	0.0166769	8.09488e-09
Tnfrsf8_mef	0.33144	0.668559	7.87659e-07
Tnfrsf25_mef	0.983901	0.0160992	3.72885e-08
Tnfrsf19_mef	0.951917	0.0480826	1.44035e-07
Tnfrsf18_mef	0.989053	0.0109469	9.92196e-09
Tnfrsf17_mef	0.999144	0.000855684	8.90545e-10
Tnfrsf14_mef	0.993529	0.00647114	2.1447e-08
Tnfrsf13c_mef	0.964045	0.0359548	2.63029e-08
Tnfrsf13b_mef	0.999818	0.00018202	3.54169e-09
Tnfrsf11b_mef	0.00125159	0.993976	0.00477286
Tnfrsf11a_mef	0.978201	0.0217986	5.83239e-10
Tnfrsf10b_mef	0.997407	0.00259285	4.67735e-10
Tnfaip8l2_mef	0.967045	0.0329546	4.71381e-08
Tnfaip3_mef	0.723632	0.276347	2.12e-05
Tnf_mef	0.1937	0.806295	5.29693e-06
Tmub1_mef	0.855802	0.144178	2.0413e-05
Tmtc2_mef	0.981298	0.0187021	7.42024e-08
Tmtc1_mef	0.999626	0.000373808	7.49983e-10
Tmprss4_mef	0.34257	0.657383	4.62128e-05
Tmprss3_mef	0.975366	0.0246341	3.60576e-09
Tmprss2_mef	0.947542	0.0524581	3.23852e-08
Tmprss13_mef	0.958273	0.0417273	2.2175e-08
Tmprss11f_mef	1	4.67745e-07	1.10406e-16
Tmprss11e_mef	0.999983	1.72274e-05	2.19168e-12
Tmprss11d_mef	0.999305	0.000695304	1.3364e-10
Tmprss11a_mef	0.999999	7.13762e-07	5.67286e-16
Tmod4_mef	0.999782	0.000218023	1.83999e-11
Tmod2$LOC100048637_mef	0.999989	1.12085e-05	3.26909e-14
Tmigd1_mef	0.999997	2.89351e-06	4.96843e-14
Tmie_mef	0.995624	0.00437619	9.45162e-09
Tmhs_mef	0.990624	0.009376	2.93889e-10
Tmem91_mef	0.996595	0.00340507	9.83319e-10
Tmem90a_mef	0.418112	0.581884	3.52583e-06
Tmem86b_mef	0.998511	0.00148892	2.31408e-11
Tmem82_mef	0.997143	0.00285666	1.98864e-09
Tmem80_mef	0.966529	0.0334677	3.75655e-06
Tmem74_mef	0.972026	0.0279733	8.5304e-07
Tmem71_mef	0.99944	0.000559652	5.19003e-13
Tmem67_mef	0.999938	6.1702e-05	4.42325e-09
Tmem63c_mef	0.885389	0.11461	4.90793e-07
Tmem62_mef	0.0919287	0.902774	0.00529719
Tmem59_mef	1	3.05771e-10	1.96163e-17
Tmem56_mef	0.998252	0.00174786	4.42568e-09
Tmem54_mef	0.997131	0.00286854	5.83789e-10
Tmem53_mef	0.0712147	0.920341	0.0084439
Tmem46_mef	0.998529	0.00147144	3.68957e-12
Tmem45b_mef	0.98829	0.0117096	1.01961e-10
Tmem44_mef	0.983304	0.0166959	5.38947e-08
Tmem38a_mef	0.97705	0.0229494	1.48468e-07
Tmem35_mef	0.490721	0.509271	7.65641e-06
Tmem28_mef	0.998924	0.00107586	9.70092e-09
Tmem27_mef	0.999999	7.49829e-07	2.16726e-15
Tmem26_mef	0.999999	1.43557e-06	9.05229e-15
Tmem25_mef	0.75363	0.246355	1.50493e-05
Tmem184a_mef	0.998338	0.00166206	1.44215e-07
Tmem182_mef	0.999944	5.58951e-05	5.20925e-12
Tmem178_mef	0.99992	8.04394e-05	6.54416e-12
Tmem174_mef	0.999933	6.66118e-05	5.21184e-13
Tmem17_mef	0.999993	6.95151e-06	2.20229e-11
Tmem16d_mef	0.998574	0.00142627	1.82207e-11
Tmem16c_mef	0.278901	0.721095	4.0118e-06
Tmem16a_mef	0.0621967	0.937798	5.49368e-06
Tmem169_mef	0.999732	0.000267895	1.64305e-10
Tmem166_mef	0.010354	0.989529	0.000116953
Tmem162_mef	0.993567	0.00643323	1.243e-10
Tmem154_mef	0.999391	0.00060934	1.28614e-09
Tmem144_mef	0.921443	0.0785549	1.60401e-06
Tmem143$2900057H02Rik_mef	0.695354	0.304645	4.41334e-07
Tmem142b_mef	0.673807	0.326189	3.47499e-06
Tmem140_mef	0.999888	0.000111922	6.95207e-10
Tmem139_mef	0.99486	0.00514026	6.03533e-11
Tmem132e_mef	0.963793	0.0362067	1.73544e-07
Tmem130_mef	0.997946	0.00205411	4.48762e-10
Tmem125_mef	0.998303	0.00169681	3.79741e-10
Tmem119_mef	0.000143638	0.962951	0.0369049
Tmem118_mef	0.975943	0.0240572	6.39405e-08
Tmem117_mef	0.172494	0.827147	0.000359526
Tmem116_mef	0.582803	0.417193	3.95605e-06
Tmem112_mef	0.0779419	0.92204	1.7604e-05
Tmem108$LOC100045503_mef	0.997952	0.00204847	8.89468e-11
Tmem104_mef	1	4.72658e-07	3.48364e-12
Tmem103_mef	0.982607	0.0173929	1.72835e-08
Tmem100_mef	0.998588	0.00141213	1.31209e-09
Tmem10_mef	0.704032	0.295968	9.41853e-08
Tmeff2_mef	0.00205404	0.649404	0.348542
Tmco5_mef	0.987728	0.0122715	3.70298e-09
Tmco4_mef	0.854632	0.145367	2.68983e-07
Tmco3_mef	0.477735	0.522244	2.12045e-05
Tmcc2_mef	0.212735	0.78357	0.00369504
Tmc7_mef	0.389144	0.61085	5.34384e-06
Tmc5_mef	0.996688	0.00331236	7.27915e-09
Tmc2_mef	0.79875	0.20125	2.84221e-07
Tmc1_mef	0.985731	0.0142694	4.25564e-09
Tm7sf4_mef	0.903941	0.096059	2.94353e-07
Tm6sf2_mef	0.996126	0.00387395	5.35306e-09
Tm4sf4_mef	0.75336	0.246639	4.00845e-07
Tm4sf20_mef	0.999747	0.000252897	7.03084e-12
Tlx3_mef	0.354345	0.645582	7.35099e-05
Tlx1_mef	0.655593	0.344327	7.99116e-05
Tlr8_mef	0.838709	0.161291	5.63307e-08
Tlr7_mef	0.999737	0.000263241	7.46159e-11
Tlr6_mef	0.583406	0.416568	2.62445e-05
Tlr5_mef	0.916434	0.0835586	6.99948e-06
Tlr4_mef	0.910141	0.0898593	1.01454e-07
Tlr3_mef	0.999865	0.000135016	3.3161e-12
Tlr2_mef	0.227551	0.772444	5.16266e-06
Tlr13_mef	0.99836	0.00164035	6.28917e-11
Tlr12_mef	0.331736	0.668262	1.767e-06
Tlr1_mef	0.999602	0.000397756	2.92197e-12
Tlm_mef	0.999822	0.000178159	2.01158e-12
Tll2_mef	0.999298	0.000701852	3.69558e-11
Tll1_mef	0.000434668	0.978072	0.0214931
Tle2_mef	0.978807	0.0211911	1.95236e-06
Tktl2_mef	0.986688	0.0133121	1.05826e-08
Tktl1_mef	0.984707	0.0152932	8.23041e-10
Titf1_mef	0.883198	0.116802	1.70118e-08
Tinag_mef	0.999991	9.42784e-06	8.57461e-14
Timp4_mef	0.84096	0.15904	6.41069e-08
Timd4_mef	0.998796	0.00120373	4.78071e-11
Timd2_mef	0.998721	0.00127855	4.53218e-08
Tigd5_mef	0.999424	0.000575749	1.32978e-10
Tie1_mef	0.987511	0.0124893	1.21736e-11
Tiam2_mef	0.787666	0.212255	7.96393e-05
Tiaf2_mef	0.899228	0.100772	5.54309e-08
Thsd7b_mef	0.996537	0.00346303	3.05326e-09
Thsd4_mef	0.954473	0.0455273	2.07055e-08
Thsd1_mef	0.239727	0.760234	3.9372e-05
Thrsp_mef	0.614691	0.385307	1.69768e-06
Thrb_mef	0.993541	0.00645934	3.02394e-09
Thpo_mef	0.985737	0.0142627	6.00838e-08
Them5_mef	0.99896	0.00103996	1.39346e-12
Them4_mef	0.612581	0.387416	3.11011e-06
Theg_mef	0.93529	0.0647104	1.60155e-08
Thbs4_mef	0.613974	0.386026	4.36554e-07
Thbs3_mef	0.128255	0.871	0.000745176
Thbs2_mef	3.77202e-10	0.00447104	0.995529
Thap2_mef	0.996751	0.00324932	4.54586e-09
Tha1_mef	0.945858	0.0541417	2.03294e-07
Th_mef	0.84411	0.155889	4.21615e-07
Tgm6_mef	0.922939	0.0770605	1.16102e-08
Tgm5_mef	0.81579	0.18421	1.85634e-07
Tgifx1_mef	1	4.61706e-07	3.48287e-16
Tgfbi_mef	0.00295106	0.996938	0.000110854
Tgfb3_mef	6.96142e-07	0.228283	0.771716
Tgfb2_mef	0.00245278	0.980943	0.0166045
Tgfa_mef	0.447599	0.552397	4.78846e-06
Tg_mef	0.966301	0.0336987	5.17595e-08
Tfpi2_mef	1.05072e-05	0.947915	0.0520741
Tff3_mef	0.812711	0.187289	1.52807e-07
Tff2_mef	0.733725	0.266269	5.98411e-06
Tex24_mef	0.999997	2.69819e-06	1.06458e-15
Tex22_mef	0.999762	0.000237957	4.05165e-10
Tex18_mef	1	1.5208e-07	7.52525e-17
Tex16_mef	0.999654	0.000346246	1.96252e-11
Tex13_mef	0.999591	0.000409355	1.00911e-10
Tex101_mef	0.955868	0.0441318	4.44749e-09
Tessp2_mef	0.883391	0.116609	1.09242e-09
Tesp2_mef	0.763004	0.236996	9.24282e-08
Tesp1_mef	0.836198	0.163802	2.05238e-08
Tert_mef	0.996856	0.00314385	7.58766e-08
Tenc1_mef	0.54071	0.459086	0.0002043
Tekt5_mef	0.999938	6.18337e-05	3.27666e-10
Tekt4_mef	0.979809	0.020191	1.17912e-07
Tekt3_mef	0.98041	0.0195901	2.20566e-09
Tekt2_mef	0.973427	0.0265725	3.95691e-08
Tekt1_mef	0.833907	0.166093	2.19674e-08
Tectb_mef	0.994447	0.00555265	5.64493e-10
Tecta_mef	0.923064	0.0769358	6.06392e-08
Tec_mef	0.0550537	0.933782	0.0111642
Tdrd7_mef	0.0176325	0.976885	0.00548234
Tdrd1_mef	0.998841	0.00115938	1.67742e-09
Tdpoz1_mef	0.99999	9.93335e-06	2.33403e-14
Tdo2_mef	0.997323	0.00267682	9.06727e-11
Tctex1d1_mef	0.999978	2.21106e-05	6.7006e-14
Tcte2_mef	0.999999	8.07925e-07	7.66733e-13
Tcte1_mef	0.999696	0.000304196	3.91819e-10
Tcstv3_mef	1	2.87369e-07	1.80516e-16
Tcl1b4_mef	0.0243987	0.974895	0.000706195
Tchhl1_mef	0.959835	0.0401645	3.4672e-10
Tcfec_mef	0.999998	2.46226e-06	2.75417e-15
Tcfap2e_mef	0.99835	0.00164955	6.08395e-12
Tcfap2d_mef	0.913438	0.0865617	7.15392e-09
Tcfap2b_mef	0.897261	0.102739	1.54828e-07
Tcfap2a$Hrc_mef	0.602933	0.397066	7.76693e-07
Tcf7l2_mef	0.849281	0.150653	6.58544e-05
Tcf23_mef	0.99807	0.00192998	1.45361e-09
Tcf21_mef	0.718481	0.28151	9.4989e-06
Tcf2_mef	0.87424	0.12576	2.48877e-08
Tcf1_mef	0.993781	0.0062195	4.79879e-11
Tcerg1l_mef	0.794113	0.205887	1.64508e-07
Tceal3_mef	0.0553418	0.944576	8.26279e-05
Tcba1_mef	0.999955	4.50511e-05	1.77243e-13
Tcap_mef	0.695528	0.304471	8.1082e-07
Tcam1_mef	0.998507	0.00149277	1.747e-11
Tbxas1_mef	0.607461	0.392512	2.69346e-05
Tbx6_mef	0.99919	0.000809537	5.17247e-11
Tbx5_mef	0.931695	0.068305	1.70958e-07
Tbx4_mef	0.115458	0.884425	0.000117842
Tbx22_mef	0.998854	0.00114624	7.18492e-11
Tbx21_mef	0.996263	0.00373658	1.74181e-09
Tbx20_mef	0.852994	0.147005	1.83627e-08
Tbx2_mef	0.999804	0.000196137	3.70863e-10
Tbx19_mef	0.183084	0.816833	8.31601e-05
Tbx18_mef	0.00137296	0.963646	0.0349814
Tbr1_mef	0.997139	0.00286072	3.10046e-10
Tbc1d9_mef	0.722042	0.277951	6.34006e-06
Tbc1d8b_mef	1.89642e-06	0.442267	0.557731
Tbc1d5_mef	0.351163	0.648819	1.79172e-05
Tbc1d4_mef	0.899105	0.100895	2.14168e-07
Tbc1d21_mef	0.999989	1.14431e-05	1.02984e-13
Tbc1d14$LOC100044325_mef	0.647595	0.352404	5.98559e-07
Tbc1d10c_mef	0.999986	1.44177e-05	6.14435e-12
Tbc1d1$LOC100046817_mef	0.3783	0.621697	2.43039e-06
Tat_mef	0.506052	0.493948	5.08237e-07
Tas2r119_mef	0.997263	0.00273654	1.03797e-09
Tas2r108_mef	0.417457	0.582541	1.53945e-06
Tas2r105_mef	0.997564	0.00243627	5.62506e-10
Tas1r2_mef	0.12411	0.875877	1.33064e-05
Tas1r1_mef	0.914419	0.0855801	1.26178e-06
Tapbpl_mef	0.922194	0.0778054	8.7555e-07
Tap2_mef	0.915806	0.0841873	6.50488e-06
Tap1_mef	0.977001	0.0229988	1.97709e-07
Tanc2_mef	0.236514	0.76301	0.00047637
Tal2_mef	0.987565	0.0124349	1.47811e-09
Tal1_mef	0.99996	3.96743e-05	2.29779e-12
Tagln3_mef	0.800525	0.199473	2.13318e-06
Taf15_mef	0.999833	0.000166822	8.58042e-09
Tada1l_mef	0.413524	0.586467	8.70745e-06
Tacstd2_mef	0.999733	0.000266911	7.59366e-11
Tacr3_mef	0.733212	0.266786	1.76204e-06
Tacr1_mef	0.200099	0.799881	1.95248e-05
Tac4_mef	0.999944	5.58e-05	1.96792e-12
Tac2_mef	0.981478	0.0185217	3.44091e-10
Tac1_mef	0.0187326	0.981113	0.000153949
Taar1_mef	0.99275	0.0072504	2.67961e-09
T2bp_mef	0.0575996	0.94239	9.91309e-06
T_mef	0.999865	0.000135498	2.38246e-10
Sytl4_mef	0.38465	0.615347	2.32031e-06
Sytl2_mef	0.00135418	0.998587	5.93045e-05
Syt7_mef	0.974488	0.025512	9.24284e-09
Syt6_mef	0.966387	0.0336128	4.96461e-08
Syt4_mef	0.992792	0.00720804	4.43103e-08
Syt3_mef	0.847761	0.152238	3.76231e-07
Syt2_mef	0.946469	0.0535308	1.62126e-09
Syt17_mef	0.291052	0.708933	1.46569e-05
Syt16_mef	0.999985	1.52295e-05	1.61976e-13
Syt13_mef	0.0485647	0.951253	0.000182042
Syt12_mef	0.369605	0.630349	4.55736e-05
Syt10_mef	0.90941	0.0905887	8.49896e-07
Syt1_mef	0.964033	0.0359668	3.90156e-07
Sypl2_mef	0.454645	0.545351	3.81653e-06
Syp_mef	0.7882	0.211798	1.67341e-06
Synpr_mef	0.999594	0.000405805	6.17567e-13
Synpo2l_mef	0.999991	8.59568e-06	8.59054e-13
Synj2_mef	0.859569	0.140394	3.78133e-05
Syngr4_mef	0.889671	0.110328	1.28806e-06
Syngr3_mef	0.972275	0.0277244	4.9259e-07
Syne2_mef	0.999287	0.000713007	2.43758e-09
Syne1_mef	0.0738373	0.925166	0.000996574
Sync_mef	0.982466	0.0175335	8.37482e-08
Syn3_mef	0.992139	0.0078614	7.59461e-08
Syn2_mef	0.97328	0.0267201	4.26841e-07
Sycp2_mef	0.999992	7.5464e-06	3.76629e-13
Sycn_mef	0.410856	0.589133	1.07807e-05
Svs7_mef	0.999986	1.35781e-05	2.56746e-15
Svs6_mef	0.998029	0.00197084	9.79732e-12
Svs5_mef	0.305625	0.694373	2.45363e-06
Svs4_mef	1	1.69117e-07	3.12556e-15
Svs3a_mef	0.999977	2.28904e-05	7.66637e-14
Svs2_mef	0.999743	0.000257369	2.35734e-16
Svop_mef	0.989833	0.0101667	2.35138e-08
Svep1_mef	4.27892e-06	0.96044	0.0395561
Sval2_mef	0.999623	0.000377043	1.19035e-10
Sval1_mef	1	4.07172e-07	3.06369e-17
Sva_mef	0.985523	0.0144771	9.21553e-09
Sv2b_mef	0.997673	0.00232742	7.16969e-11
Susd3_mef	0.941939	0.0580611	2.94319e-07
Sumo3_mef	1	1.23793e-07	3.7163e-14
Sult3a1_mef	0.999998	2.48327e-06	5.02755e-15
Sult2b1_mef	0.97093	0.0290701	2.32022e-08
Sult1e1_mef	0.999797	0.000203345	4.66749e-13
Sult1d1_mef	0.999791	0.000208666	1.06455e-11
Sult1c2_mef	0.211939	0.787726	0.00033518
Sult1b1_mef	0.999953	4.74557e-05	1.787e-13
Sult1a1_mef	0.998746	0.0012536	1.8632e-11
Sucnr1_mef	1	9.41532e-08	1.98306e-17
Styxl1_mef	0.999429	0.000571091	3.84285e-10
Styk1_mef	0.00316458	0.996748	8.71612e-05
Stxbp6_mef	0.911059	0.088941	4.32788e-07
Stxbp5_mef	0.688167	0.311675	0.000157212
Stxbp4_mef	0.512304	0.487019	0.000676365
Stx1b1_mef	0.999796	0.000204308	2.47816e-12
Stx1a_mef	0.687903	0.31195	0.000146902
Stx19_mef	0.999903	9.74906e-05	6.15239e-12
Strm_mef	0.999982	1.82412e-05	6.66752e-14
Strc_mef	0.640797	0.359194	8.53187e-06
Stra6_mef	0.857728	0.14227	1.90178e-06
Stox2_mef	0.997636	0.00236447	2.23697e-10
Ston2_mef	0.842349	0.157651	4.16795e-07
Stoml3_mef	0.986351	0.0136489	3.16342e-10
Stmn4_mef	0.474548	0.525452	4.97465e-07
Stk39_mef	0.184937	0.811573	0.00348984
Stk36_mef	0.993442	0.00655739	9.25431e-07
Stk32c_mef	0.956785	0.0432134	2.14603e-06
Stk32b_mef	0.934753	0.0652464	8.78199e-08
Stk32a_mef	0.976415	0.0235847	1.10019e-07
Stk22s1_mef	0.508134	0.491866	4.11671e-07
Stfa3_mef	0.995887	0.00411283	7.51508e-09
Stfa2l1_mef	1	2.20155e-07	7.20029e-14
Steap4_mef	0.848225	0.151775	7.33135e-08
Stc1_mef	0.724978	0.275007	1.51662e-05
Stbd1_mef	0.00226585	0.992736	0.00499805
Stat5a_mef	0.0919948	0.907627	0.000378008
Stat2_mef	0.991002	0.00899809	4.93273e-08
Stard7_mef	0.997894	0.00210616	1.02982e-08
Stard6_mef	0.978448	0.0215516	2.12789e-07
Stard5_mef	0.856251	0.143749	6.26407e-09
Stard13_mef	0.908169	0.0917694	6.17197e-05
Star_mef	0.889368	0.110632	1.99577e-08
Stac3_mef	0.998622	0.0013781	3.35443e-09
Stac_mef	0.984804	0.0151962	6.77157e-09
Stab2_mef	0.788094	0.211905	1.38703e-06
Stab1_mef	0.997955	0.00204483	3.41116e-08
St8sia6_mef	0.989013	0.0109872	7.8795e-10
St8sia5_mef	0.521619	0.478376	5.35726e-06
St8sia4_mef	0.988589	0.0114114	4.05904e-08
St8sia3_mef	0.328352	0.670637	0.00101103
St8sia2_mef	0.0169556	0.982826	0.000218412
St7_mef	0.0983118	0.896193	0.00549511
St6galnac5_mef	0.988092	0.0119083	1.2562e-09
St6galnac3_mef	0.996004	0.00399565	6.20573e-12
St6galnac2_mef	0.997534	0.00246557	7.74329e-10
St6galnac1_mef	0.999995	4.88452e-06	8.71569e-16
St6gal2_mef	0.997605	0.0023951	1.74643e-11
St3gal6_mef	0.998827	0.00117328	5.2935e-09
St3gal1_mef	0.958637	0.0413618	1.21955e-06
St18_mef	0.999663	0.000336651	7.45962e-10
Sstr5_mef	0.978137	0.0218633	1.7376e-07
Sstr4_mef	0.997749	0.0022507	1.39419e-11
Sstr3_mef	0.993647	0.00635325	1.36734e-09
Sstr2_mef	0.999272	0.000727779	1.70925e-08
Sstr1_mef	0.998773	0.00122693	4.3642e-10
Sst_mef	0.00567435	0.990221	0.00410428
Sspo_mef	0.35811	0.641854	3.61113e-05
Sspn_mef	0.00143478	0.987957	0.0106081
Ssh3_mef	0.629406	0.370588	6.48702e-06
Ssbp2_mef	0.167624	0.832274	0.000101429
Sry_mef	0.999928	7.22555e-05	2.11615e-12
Srrp_mef	0.999992	7.5161e-06	2.82469e-15
Srr_mef	0.996722	0.00327714	6.25336e-07
Srpx2_mef	4.37285e-05	0.976184	0.0237728
Srpx_mef	9.22863e-05	0.986912	0.012996
Srpk3_mef	0.999894	0.000105681	2.1148e-11
Srms_mef	0.00685355	0.991874	0.00127263
Srgap3_mef	0.0228799	0.974603	0.00251691
Srgap1_mef	0.99996	3.99031e-05	3.95463e-12
Srd5a2l2_mef	0.999971	2.85299e-05	7.00888e-14
Srd5a2_mef	0.521787	0.478212	6.16388e-07
Spz1_mef	0.999064	0.00093589	5.1074e-11
Spty2d1_mef	0.892965	0.107024	1.03674e-05
Sptlc3_mef	0.990459	0.00954061	1.15316e-07
Spt2_mef	0.999999	5.30534e-07	4.22623e-16
Spt1_mef	0.999999	8.34233e-07	7.95815e-16
Spsb4_mef	0.755375	0.244605	2.05186e-05
Spry3_mef	0.999998	2.24013e-06	3.21378e-15
Sprr3_mef	0.109583	0.89037	4.7338e-05
Sprr2i_mef	0.997743	0.00225718	6.82742e-13
Sprr2f_mef	0.99944	0.000560207	2.56506e-12
Sprr2d_mef	0.592016	0.40798	4.61899e-06
Sprr1b_mef	0.999867	0.000132893	1.99911e-11
Sprr1a_mef	0.55586	0.444139	6.31014e-07
Sprn_mef	0.992408	0.00759212	1.83348e-10
Spred3_mef	0.609111	0.390841	4.76165e-05
Spp2_mef	0.999313	0.000687431	1.19881e-10
Spon2_mef	0.698625	0.301373	2.37973e-06
Spon1_mef	0.9586	0.0413998	4.79216e-10
Spock3_mef	0.323669	0.676193	0.000137885
Spock1_mef	0.976594	0.0234062	3.23253e-08
Spo11_mef	0.958753	0.0412471	1.01748e-09
Spnb1_mef	0.263745	0.729897	0.00635849
Spn_mef	0.698652	0.301348	6.61203e-07
Spint4_mef	0.927439	0.0725607	1.23144e-09
Spinlw1_mef	0.88426	0.11574	4.40093e-08
Spink8_mef	0.99947	0.000529578	1.24557e-10
Spink5_mef	0.999999	6.31842e-07	3.32386e-15
Spink4_mef	0.619423	0.380577	1.36808e-07
Spink2_mef	0.0751034	0.924882	1.47713e-05
Spink12_mef	0.990403	0.00959654	1.16316e-08
Spink10_mef	0.999803	0.000197438	1.0457e-10
Spib_mef	0.999762	0.000238126	5.83592e-12
Sphk1_mef	0.0130211	0.970678	0.0163004
Spg3a_mef	0.999738	0.000261592	1.19715e-11
Spert_mef	0.164301	0.835636	6.28495e-05
Spem1_mef	0.662144	0.337855	9.61071e-07
Speg_mef	0.00383495	0.920264	0.0759014
Spef1_mef	0.991207	0.00879278	3.70344e-09
Speer4b$EG664804_mef	1	5.65561e-08	1.962e-17
Spdyb_mef	0.7792	0.220799	1.74555e-07
Spdef_mef	0.745092	0.254908	5.85553e-07
Spatc1_mef	0.999091	0.000909039	6.96997e-11
Spata9_mef	0.234165	0.765833	1.65963e-06
Spata4_mef	0.999967	3.31135e-05	1.54571e-13
Spata3_mef	0.588988	0.41096	5.29213e-05
Spata2L_mef	0.831927	0.168073	1.39563e-07
Spata19_mef	0.998793	0.00120671	1.4167e-11
Spata17_mef	0.999969	3.05444e-05	1.11038e-09
Spata16_mef	0.918835	0.0811649	3.10161e-08
Spata1_mef	0.999997	3.06594e-06	1.49353e-11
Sparcl1_mef	0.711581	0.288419	8.41766e-08
Spam1_mef	0.999999	1.24907e-06	2.15992e-18
Spag8_mef	0.535526	0.464435	3.85878e-05
Spag6_mef	0.948039	0.0519604	1.45759e-07
Spag16_mef	0.995745	0.00425514	8.34413e-08
Spag1_mef	0.999983	1.70574e-05	1.23614e-09
Spaca4_mef	0.291588	0.708409	3.50035e-06
Spaca3_mef	0.964952	0.0350483	1.44424e-07
Spaca1_mef	0.999629	0.000370775	1.60493e-11
Spa17_mef	0.999795	0.000204539	3.52584e-10
Sp8_mef	0.999366	0.00063388	1.01199e-11
Sp7_mef	0.285438	0.714557	4.85488e-06
Sp6_mef	0.683099	0.316901	4.99264e-07
Sp5_mef	0.99749	0.00251005	4.82395e-09
Sp4_mef	0.994451	0.00554916	6.38591e-08
Sp100_mef	0.999754	0.000246236	4.19255e-10
Sox9_mef	0.97663	0.0233697	1.57996e-07
Sox8_mef	0.999178	0.000822388	4.39212e-09
Sox7_mef	0.996732	0.00326836	1.22795e-10
Sox6_mef	0.59342	0.406571	9.34294e-06
Sox5_mef	0.875753	0.124245	2.86787e-06
Sox30_mef	0.999999	5.05514e-07	3.90802e-14
Sox18_mef	0.950006	0.0499944	2.00703e-09
Sox17_mef	0.0818352	0.91781	0.00035506
Sox1_mef	0.998853	0.00114742	3.56998e-11
Sostdc1_mef	0.963128	0.0368722	1.02109e-08
Sorcs3_mef	0.330615	0.66937	1.55256e-05
Sorcs2_mef	0.000236313	0.780386	0.219378
Sorcs1_mef	0.993408	0.00659208	2.63322e-09
Sorbs2_mef	0.925652	0.0743247	2.31728e-05
Sohlh1_mef	0.879466	0.120534	2.68585e-07
Sod3_mef	0.00942922	0.990482	8.82793e-05
Socs1_mef	0.962366	0.0376327	7.97507e-07
Sobp_mef	0.977024	0.0229757	5.48877e-09
Soat2_mef	0.999857	0.000142676	1.71447e-11
Snx26_mef	0.971205	0.0287953	7.69322e-09
Snx22_mef	0.825961	0.174039	4.28291e-07
Snx21_mef	0.288111	0.711739	0.000149676
Sntg2_mef	0.993492	0.00650793	2.26333e-09
Sntg1_mef	0.999268	0.000732142	1.20846e-11
Sntb1_mef	0.959329	0.0406709	5.74838e-08
Snf1lk_mef	0.999265	0.000735407	6.76754e-12
Sncg_mef	0.990849	0.00915096	1.01993e-08
Sncaip_mef	0.999818	0.000182382	5.66353e-11
Snca_mef	0.694609	0.30538	1.12281e-05
Snapc5_mef	1	1.93021e-07	4.18578e-14
Snap25_mef	0.999792	0.000207873	2.02451e-10
Snai2_mef	0.000769936	0.997813	0.00141737
Snai1_mef	0.033162	0.964913	0.00192551
Smyd1_mef	0.427615	0.572381	3.75099e-06
Smtnl1_mef	0.99855	0.00144986	1.26965e-09
Smr2_mef	0.107315	0.892653	3.20817e-05
Smpx_mef	0.98927	0.0107302	8.95548e-09
Smpdl3a_mef	0.000606704	0.990058	0.00933546
Smpd3_mef	0.964565	0.0354345	5.01564e-09
Smok3a_mef	0.999886	0.000114038	6.0705e-11
Smoc2_mef	6.3162e-09	0.0022511	0.997749
Smcp_mef	0.992174	0.00782619	2.79257e-09
Smarca2_mef	0.131241	0.866776	0.00198263
Sln_mef	0.96406	0.0359399	2.35938e-09
Slmo1_mef	0.53219	0.467764	4.67153e-05
Slitrk6_mef	0.999954	4.58965e-05	7.1639e-13
Slitrk5_mef	0.993918	0.00608152	1.39337e-08
Slitrk4_mef	0.996527	0.00347323	4.58151e-08
Slitrk3_mef	0.695187	0.304813	9.54744e-08
Slitrk2_mef	0.992614	0.00738624	1.53367e-08
Slitrk1_mef	0.998348	0.0016515	1.7591e-10
Slit3_mef	8.47609e-05	0.940846	0.0590695
Slit1_mef	0.104521	0.895437	4.24373e-05
Slfnl1_mef	0.814877	0.185116	7.82828e-06
Slfn9_mef	0.985445	0.0145551	2.73604e-09
Slfn8_mef	0.999133	0.000866542	5.05692e-13
Slfn5_mef	0.999844	0.000156082	1.11772e-10
Slfn4$Slfn3_mef	0.999999	9.70706e-07	9.8452e-16
Slfn3$Slfn3_mef	1	2.0534e-07	1.13601e-16
Slfn2_mef	0.805069	0.194931	1.61329e-07
