Loci	ips_0	ips_1	ips_2
p	0.988682	0.0113183	8.83424e-12
a	0.971277	0.0287229	6.77e-08
Zxdb	0.964362	0.0356206	1.74929e-05
Zswim5	0.952379	0.0475095	0.000111148
Zswim2	0.999945	5.54863e-05	1.67361e-09
Zscan20	0.876088	0.123835	7.64279e-05
Zscan2	0.999693	0.000307389	2.76402e-09
Zpbp2	0.998431	0.0015693	5.33313e-08
Zpbp	0.998765	0.00123453	5.45114e-09
Zp3r	0.999053	0.000947297	6.36769e-11
Zp3	0.871584	0.128413	2.40783e-06
Zp2	0.999834	0.000166093	1.63636e-14
Zp1	0.997045	0.0029546	2.95593e-09
Znrf4	0.983798	0.0162023	7.03872e-08
Zmynd15	0.978414	0.0215862	1.71443e-07
Zmynd12	0.999979	2.09451e-05	1.2001e-09
Zmynd10	0.959318	0.0406766	5.54394e-06
Zmiz1	0.983268	0.0167311	8.45214e-07
Zmat4	0.996315	0.00367698	7.97159e-06
Zmat1	0.999165	0.000834803	1.0296e-09
Zkscan6	0.999191	0.000808603	3.33253e-08
Zim1	0.9995	0.000499659	8.37009e-10
Zic4	0.994275	0.00572462	4.21025e-08
Zic1	0.999169	0.00083069	5.19944e-08
Zhx3	0.951824	0.048171	5.06614e-06
Zhx2	0.392073	0.607762	0.000164709
Zfyve28	0.510655	0.487937	0.00140789
Zfyve27	0.877761	0.122238	1.58017e-06
Zfyve16	0.813671	0.186264	6.51658e-05
Zfy1	0.999585	0.000414539	6.72894e-12
Zfpm2	0.385252	0.614317	0.000430972
Zfp94	0.989202	0.0107977	4.57616e-08
Zfp92	0.784404	0.215591	4.76661e-06
Zfp9	0.934685	0.0653149	9.9019e-08
Zfp82	0.91883	0.0811627	7.76205e-06
Zfp811	0.983957	0.0160434	3.11659e-08
Zfp804a	1	4.33913e-08	2.47616e-15
Zfp787$LOC100041228	0.915399	0.0846006	1.30307e-08
Zfp786	0.997001	0.00299869	1.64034e-07
Zfp784	0.998521	0.00147856	5.14814e-09
Zfp78	0.99661	0.00338974	1.59718e-08
Zfp768	0.871434	0.128544	2.25184e-05
Zfp759	0.998713	0.00128699	3.49827e-08
Zfp750	0.992055	0.00794451	5.42636e-09
Zfp75	0.937057	0.0629432	1.08317e-08
Zfp711	0.999577	0.000423081	4.88848e-09
Zfp709	0.999927	7.26771e-05	1.8668e-11
Zfp708	0.999958	4.16648e-05	4.76133e-09
Zfp697	0.983466	0.0165341	1.32088e-07
Zfp689	0.989996	0.0100035	4.26292e-07
Zfp677	0.74129	0.2587	9.80794e-06
Zfp672	0.999947	5.31006e-05	3.74847e-12
Zfp661	0.921294	0.0787021	4.09874e-06
Zfp653	0.94805	0.051945	4.53283e-06
Zfp629	0.98151	0.0184888	1.11145e-06
Zfp619	0.954889	0.0451101	7.03315e-07
Zfp612	0.922851	0.0771244	2.41977e-05
Zfp608	0.985818	0.0141806	9.25367e-07
Zfp606	0.947018	0.0529778	3.99389e-06
Zfp597	0.995874	0.00412601	1.18826e-08
Zfp595	0.896372	0.103627	8.24594e-07
Zfp59	0.999997	2.99768e-06	4.51878e-14
Zfp583	0.950234	0.0497587	7.7257e-06
Zfp563	0.995594	0.00440633	1.65305e-07
Zfp551	0.995365	0.00463537	1.73385e-09
Zfp541	0.930305	0.069695	1.226e-08
Zfp536	0.999979	2.14652e-05	2.37063e-10
Zfp53$LOC100044273	0.452163	0.547836	5.67813e-07
Zfp524	0.995296	0.0047038	1.35616e-07
Zfp521	0.998996	0.00100403	2.71567e-08
Zfp52	0.999997	2.95396e-06	5.39277e-13
Zfp509	0.998909	0.00109106	4.80208e-11
Zfp503	0.605455	0.393221	0.00132433
Zfp474	0.984702	0.0152979	1.25078e-08
Zfp467	0.997529	0.00247077	2.63998e-08
Zfp458	0.999991	8.53597e-06	1.53159e-12
Zfp455	1	1.42671e-07	1.07025e-14
Zfp454	0.209945	0.789598	0.00045755
Zfp40	0.9996	0.000399829	6.15456e-07
Zfp398	0.995931	0.00406913	1.69935e-07
Zfp39	0.997584	0.00241462	1.25922e-06
Zfp358	0.750027	0.249949	2.40889e-05
Zfp354b	0.994514	0.0054851	5.43622e-07
Zfp334	0.999716	0.000283618	5.96338e-10
Zfp324	0.998464	0.00153594	3.80955e-08
Zfp319	0.995099	0.00490056	2.44669e-07
Zfp316	0.992433	0.00756575	7.60781e-07
Zfp30	0.963782	0.0362176	1.3376e-07
Zfp3	0.988578	0.0114207	1.41768e-06
Zfp287	0.944363	0.0556341	2.83667e-06
Zfp286	0.812715	0.187241	4.32951e-05
Zfp282	0.886116	0.11388	4.31046e-06
Zfp28	0.997588	0.00241224	1.99675e-07
Zfp276	0.944416	0.0555663	1.76933e-05
Zfp273	0.99828	0.00171931	6.85968e-07
Zfp27	0.999671	0.000329121	2.21208e-08
Zfp248	0.991237	0.00876274	9.34192e-09
Zfp213	0.827144	0.172855	8.01921e-07
Zfp202	0.999185	0.00081522	2.94761e-10
Zfp2	0.996687	0.00331223	3.66497e-07
Zfp189	1	3.47874e-07	2.03117e-13
Zfp182	0.972322	0.0276779	2.81377e-08
Zfp179	0.868439	0.131561	1.37217e-08
Zfp169	0.809655	0.190333	1.26187e-05
Zfp142	0.998192	0.00180697	1.2608e-06
Zfp14	0.998888	0.00111194	3.4992e-10
Zfp128	0.97707	0.0229288	1.29842e-06
Zfp119	0.952888	0.0471116	4.72085e-09
Zfp113	0.999807	0.000192956	1.16311e-11
Zfp112	0.838731	0.16125	1.87098e-05
Zfp111	0.976182	0.0238135	4.47649e-06
Zfp11	0.7958	0.204181	1.9223e-05
Zfp109	0.965153	0.0348448	2.63671e-06
Zfp108	0.999192	0.000807694	1.33825e-09
Zfhx4	0.999975	2.50639e-05	3.7433e-11
Zfat1	0.887829	0.112171	2.15204e-08
Zer1	0.999979	2.07969e-05	4.77015e-11
Zeb2	0.999894	0.000105545	4.22962e-10
Zdhhc25	0.999978	2.19654e-05	1.32698e-11
Zdhhc22	0.733894	0.266094	1.2261e-05
Zdhhc2	0.800821	0.198749	0.000430194
Zdhhc19	0.999984	1.6076e-05	2.27552e-13
Zdhhc17	0.965336	0.0346641	3.01579e-08
Zdhhc14	0.99768	0.0023204	7.19473e-09
Zdhhc11	0.999942	5.80502e-05	4.87372e-11
Zcchc5	0.972051	0.0279485	7.55383e-08
Zcchc4	0.731871	0.268071	5.74278e-05
Zcchc18	0.857664	0.142192	0.000143933
Zc3hav1	0.943298	0.0566994	2.62531e-06
Zc3h7a	0.881735	0.118066	0.00019897
Zc3h6	0.789271	0.210726	2.95054e-06
Zc3h12d	0.999905	9.51177e-05	8.26489e-13
Zbtb8os	1	2.21883e-09	5.62471e-15
Zbtb7c	0.790124	0.209689	0.000186977
Zbtb46	0.979523	0.0204764	2.52e-07
Zbtb4	0.902468	0.0975276	4.90348e-06
Zbtb38	0.991566	0.00843427	8.0206e-08
Zbtb37	1	6.65417e-09	3.70191e-15
Zbtb20	0.958737	0.0412194	4.34159e-05
Zbtb16	0.899062	0.100888	4.96775e-05
Zbed3	0.987626	0.0123743	1.90644e-07
Zan	0.696864	0.30294	0.000195543
Ypel4	0.999272	0.000727707	5.66287e-10
Ypel1	0.911796	0.0881737	2.99646e-05
Yod1	0.998607	0.00139267	2.57526e-08
Xtrp3s1	0.999987	1.26415e-05	1.36246e-13
Xpnpep2	0.669803	0.33019	6.83416e-06
Xkrx	0.997572	0.00242742	9.76209e-08
Xkr6	0.990987	0.00901277	2.25214e-07
Xkr4	0.999989	1.05575e-05	6.38004e-12
Xk	0.998924	0.00107573	3.44625e-07
Xirp1	0.999242	0.000758458	5.00813e-10
Xdh	0.957424	0.0425765	1.74906e-08
Xcr1	0.999483	0.00051692	1.58418e-11
Xcl1	0.996862	0.00313829	3.01589e-10
Wwox	0.920963	0.0790317	5.13395e-06
Wscd1	0.883665	0.116315	1.97231e-05
Wnt9b	0.821284	0.178711	5.03912e-06
Wnt9a	0.812655	0.18733	1.52892e-05
Wnt8b	0.999759	0.000240609	1.28227e-10
Wnt8a	0.998971	0.00102893	4.31801e-11
Wnt6	0.386507	0.612805	0.000687481
Wnt5b	0.994579	0.00541973	8.89549e-07
Wnt5a	0.976121	0.0238762	2.3393e-06
Wnt4	0.396967	0.601883	0.00114993
Wnt3a	0.867683	0.132212	0.000104292
Wnt2b	0.993656	0.00634445	3.6823e-08
Wnt2	0.986514	0.0134852	6.3576e-07
Wnt16	0.664184	0.335104	0.000712107
Wnt11	0.528747	0.469912	0.00134116
Wnt10b	0.828966	0.170937	9.67183e-05
Wnt10a	0.976331	0.0236679	1.07018e-06
Wnt1	0.988569	0.0114305	3.23823e-07
Wnk4	0.998934	0.00106554	2.57978e-08
Wnk2	0.859683	0.140101	0.000216232
Wisp1	0.288806	0.711189	4.71369e-06
Wipi1	0.950582	0.0494126	5.43631e-06
Wif1	0.999966	3.35475e-05	4.78661e-11
Whrn	0.657228	0.341324	0.0014487
Whdc1	0.963538	0.0364618	2.71105e-09
Wfikkn2	0.808319	0.191672	9.41227e-06
Wfdc6a	0.999992	7.86909e-06	1.66316e-12
Wfdc5	0.822549	0.17744	1.06846e-05
Wfdc3	0.977486	0.0225132	3.03479e-07
Wfdc15b	0.993013	0.00698745	2.32798e-08
Wfdc12	0.43102	0.568978	2.08114e-06
Wee2	1	1.6493e-07	1.49177e-14
Wdr86	0.971457	0.0285431	1.90357e-07
Wdr78	0.999989	1.14314e-05	3.91996e-11
Wdr69	1	2.07901e-07	1.73588e-13
Wdr63	1	2.56692e-07	5.17273e-14
Wdr60	0.613278	0.386696	2.62613e-05
Wdr5b	0.999958	4.20866e-05	1.78766e-12
Wdr38	0.644474	0.355525	9.69362e-07
Wdr27	0.999994	6.13471e-06	7.09057e-10
Wdr22	0.953293	0.0467069	6.18802e-08
Wdr20b	0.999999	1.08159e-06	1.7977e-13
Wdr19	0.997619	0.00238048	4.32697e-07
Wdr17	0.99992	7.9614e-05	1.05071e-11
Wdr16	0.999992	8.3375e-06	2.61673e-10
Wbscr28	0.906787	0.0932129	3.05198e-07
Was	0.974998	0.0249992	2.35325e-06
Wars2	0.521364	0.478529	0.000106421
Wap	0.982421	0.0175783	5.42254e-07
Vwf	0.931094	0.0689011	4.91253e-06
Vwc2	0.999997	2.73625e-06	7.30618e-12
Vwa2	0.998799	0.00120068	3.81893e-09
Vwa1	0.970334	0.0296654	1.63257e-07
Vtn	0.994639	0.00535994	9.20875e-07
Vti1a	0.99403	0.00597017	8.90367e-09
Vtcn1	0.999881	0.000119112	1.62502e-11
Vsx1	0.929119	0.0708807	2.4092e-08
Vstm2	1	3.3362e-08	3.05822e-18
Vsnl1	0.978054	0.0219447	1.19381e-06
Vsig8	1	1.01045e-07	6.71495e-13
Vsig2	0.904693	0.0953009	6.04271e-06
Vsig1	0.99976	0.000239592	5.73283e-11
Vps37d	0.641578	0.358334	8.76665e-05
Vps13c	0.999113	0.000886641	2.35314e-09
Vpreb3	0.860981	0.139019	5.9566e-07
Vpreb1	0.999874	0.000126185	5.27261e-11
Vnn3	0.403451	0.596546	2.6713e-06
Vnn1	0.99818	0.00182009	1.91477e-10
Vldlr	0.983795	0.0161926	1.23318e-05
Vit	0.9999	9.97157e-05	5.18636e-15
Vipr2	0.984024	0.015976	5.0647e-07
Vipr1	0.995891	0.00410898	3.15379e-09
Vip	0.999896	0.000103777	8.40444e-11
Vil1	0.998382	0.00161839	8.32784e-09
Vgll2	0.94188	0.0581161	3.3624e-06
Vgll1	0.996586	0.00341384	1.20511e-09
Vgf	0.679783	0.320179	3.79657e-05
Vezt	0.96503	0.0349681	1.73218e-06
Veph1	0.999895	0.00010518	4.26701e-12
Vdr	0.852759	0.147211	3.08931e-05
Vcan	0.836472	0.163514	1.44814e-05
Vax1	0.95096	0.0490375	2.98382e-06
Vav3	0.986513	0.0134573	2.96807e-05
Vav1	0.999944	5.55069e-05	8.44825e-10
Vash2	0.925767	0.0742329	4.43448e-07
Vamp5	0.977267	0.0227325	7.58355e-08
Vamp1	0.938044	0.0618867	6.92448e-05
V2r16	0.999985	1.53322e-05	2.17694e-14
V1rd9	0.999999	7.79873e-07	2.28182e-16
V1rd6	0.161971	0.838028	6.25988e-07
V1rd4	0.999998	2.31372e-06	1.05744e-15
V1rd3	0.999996	4.48888e-06	2.72509e-15
V1rc8$V1rc22	1	9.30614e-08	1.21907e-17
V1rc7	1	2.10548e-08	1.65468e-18
V1rc6	1	1.28116e-07	7.21801e-18
V1rc5	0.999998	2.44381e-06	4.75249e-16
V1rc3	1	6.66759e-08	5.56457e-18
V1rc22	1	3.51063e-09	1.57055e-19
V1rc2	1	2.10788e-07	2.42716e-17
V1rc1	0.999974	2.60096e-05	6.71365e-15
V1rb8	0.999998	2.33708e-06	5.3363e-17
V1rb7	0.999987	1.34445e-05	4.55454e-16
V1rb6	0.979814	0.0201863	1.13148e-09
V1rb5	1	2.46498e-08	2.04121e-18
V1rb3	0.999937	6.32102e-05	4.43837e-14
V1rb2	0.999998	2.28537e-06	1.9983e-16
V1rb10	0.999988	1.24683e-05	1.81373e-15
V1rb1	0.999995	4.54526e-06	2.44274e-16
V1ra9	0.999425	0.00057517	1.00188e-12
V1ra6	0.999151	0.000849258	6.49202e-13
V1ra5	1	2.06495e-07	5.88086e-18
V1ra4$V1ra3	1	8.59175e-09	5.05795e-19
V1ra2	1	3.9392e-07	2.50378e-18
V1ra1	1	7.75354e-09	4.41991e-19
Uty	1	2.80839e-07	2.84326e-13
Uts2r	0.984093	0.0159074	4.92081e-08
Uts2	0.999113	0.000886747	2.61591e-09
Usp9y	0.999669	0.000330575	2.28544e-13
Usp53	0.9995	0.000499884	4.46133e-08
Usp50	0.999107	0.00089257	1.11957e-10
Usp43	0.997317	0.00268317	2.47804e-09
Usp29	0.999976	2.42478e-05	3.9288e-11
Usp25	0.413692	0.585271	0.00103692
Usp20	0.976355	0.0236437	1.65031e-06
Usp13	0.969268	0.0307314	6.11775e-07
Ushbp1	0.801408	0.198574	1.82252e-05
Ush2a	0.988846	0.0111541	1.91655e-09
Ush1c	0.972317	0.0276833	4.01639e-08
Uqcrq	0.99966	0.000339501	1.11633e-10
Upp2	0.999725	0.000275498	1.16068e-11
Upk3b	0.999433	0.00056683	4.12336e-11
Upk3a	0.735368	0.264611	2.15514e-05
Upk1b	0.857158	0.14284	2.29342e-06
Upk1a	0.846487	0.153494	1.86894e-05
Upb1	0.903421	0.0965755	3.47527e-06
Uox	0.959313	0.0406866	2.00062e-09
Uncx4.1	0.999839	0.000160612	1.92588e-12
Unc5d	0.999974	2.63961e-05	3.33942e-11
Unc5cl	0.999112	0.000887498	4.05554e-09
Unc5c	0.291785	0.707371	0.000844221
Unc45b	0.999847	0.000152948	5.17442e-10
Unc13d	0.976087	0.0239123	4.96587e-07
Unc13c	1	4.43282e-07	6.1501e-16
Unc13a	0.999707	0.00029286	3.36185e-10
Umodl1	0.999901	9.9171e-05	2.88527e-11
Umod	0.999999	1.11096e-06	4.64998e-17
Ulk2	0.693004	0.306119	0.000876514
Ugt3a2	0.999154	0.000845707	3.31412e-11
Ugt2b5	0.999999	1.4714e-06	6.37128e-13
Ugt2b38	0.999996	3.71862e-06	2.41396e-14
Ugt2b37	0.999999	1.05869e-06	1.08599e-12
Ugt2b36	0.999996	4.13148e-06	2.00993e-13
Ugt2b35	1	2.17328e-07	1.26975e-15
Ugt2b34	0.99997	3.01682e-05	3.08242e-14
Ugt2b1	0.999998	2.47679e-06	1.61998e-14
Ugt2a3	0.999999	9.87199e-07	2.72904e-13
Ugt2a1	0.99997	2.96911e-05	6.05739e-14
Ugcgl2	0.957029	0.0429706	4.03451e-09
Ucp3	0.322538	0.677459	2.92688e-06
Ucp1	0.997793	0.00220734	1.12347e-08
Ucn3	0.99998	1.9519e-05	7.72967e-13
Ucn	0.940296	0.0597044	5.23397e-08
Uchl4$Uchl3	1	9.83214e-09	6.03985e-19
Ubxd3	0.96721	0.0327903	2.78135e-10
Ubqlnl	0.819031	0.180969	2.59787e-08
Ubqln3	1	3.92745e-07	2.1216e-16
Ubl4b	0.986832	0.0131676	4.09778e-09
Ube2u	0.999973	2.67809e-05	6.53583e-12
Ube2m	0.997025	0.0029746	1.01999e-08
Ube2l6	0.999964	3.62803e-05	6.7576e-11
Ubd	0.999282	0.000717813	2.933e-10
Ubash3a	0.918674	0.0813245	1.36804e-06
Tyrp1	0.999957	4.29025e-05	1.37174e-14
Tyrobp	0.986028	0.0139717	2.09857e-09
Tyr	0.999985	1.51367e-05	5.33095e-14
Tyms	0.999984	1.57168e-05	1.79936e-12
Tyki	0.998424	0.00157556	1.46797e-11
Txnl6	0.840741	0.159259	6.25857e-08
Txndc8	0.563763	0.436046	0.000191351
Txndc3	0.999846	0.00015335	2.56024e-07
Txndc2	0.964188	0.0358124	1.9347e-10
Txlnb	0.914905	0.0850886	6.28779e-06
Txk	0.999841	0.0001595	3.80471e-13
Tusc5	0.974074	0.0259263	1.24863e-07
Tulp2	0.994007	0.0059932	3.65893e-08
Tulp1	0.83101	0.168969	2.11079e-05
Tubd1	0.991809	0.00819079	9.22155e-08
Tubb4	0.376419	0.623581	7.39095e-07
Tubb1	0.99894	0.00105956	2.52491e-08
Tuba8	0.969809	0.0301907	4.74741e-07
Tub	0.910905	0.0890478	4.67539e-05
Ttyh1$Taf1	0.965943	0.034057	2.71916e-09
Ttn	0.801488	0.197888	0.000623887
Ttll9	0.827964	0.172023	1.37431e-05
Ttll3	0.998818	0.00118187	8.20466e-08
Ttll13	0.999913	8.65457e-05	6.28227e-10
Ttll11	0.995373	0.00462643	6.73062e-07
Ttll10	0.999796	0.000204395	7.42767e-10
Ttl	0.764312	0.235678	9.82799e-06
Ttc9b	0.768496	0.231444	6.01246e-05
Ttc9	0.23254	0.766622	0.000837809
Ttc7	0.954482	0.0455168	1.10339e-06
Ttc29	0.657842	0.342023	0.000135205
Ttc25	0.997521	0.00247917	3.40655e-09
Ttc23	0.996703	0.00329605	7.36067e-07
Ttc22	0.992757	0.00724276	2.78216e-08
Ttc21a	0.978745	0.0212452	9.37728e-06
Ttc17	0.809202	0.19075	4.75098e-05
Ttc16	0.999727	0.000273338	4.22558e-10
Tsx	0.356185	0.643806	8.65395e-06
Tssk6	0.999952	4.75965e-05	1.38687e-11
Tssk5	0.503141	0.496842	1.7395e-05
Tssk4	0.99997	3.00534e-05	1.56459e-13
Tssk3	0.99952	0.000479707	1.51301e-10
Tssk2	0.999703	0.000296915	1.98693e-12
Tssk1	0.945471	0.0545286	1.77741e-08
Tspyl5	0.999927	7.33387e-05	1.09074e-10
Tspyl3	0.95497	0.0450276	2.6091e-06
Tspan8	0.996106	0.00389419	1.15019e-08
Tspan33	0.790739	0.208665	0.00059603
Tspan11	0.994683	0.00531663	1.28153e-07
Tspan10	0.928273	0.071716	1.10622e-05
Tspan1	0.948164	0.0518351	6.87837e-07
Tsnaxip1	0.999945	5.4954e-05	1.7705e-09
Tsku	0.997871	0.00212939	2.55399e-08
Tshz3	0.99915	0.000850077	3.61627e-08
Tshz2	0.971369	0.0285915	3.9989e-05
Tshr	0.999635	0.00036464	8.88708e-09
Tshb	0.990769	0.00923089	1.36388e-09
Tsga13	0.999726	0.000274051	1.86028e-13
Tsga10	0.62761	0.372373	1.67526e-05
Tsc22d3	0.612705	0.38718	0.000115144
Trpv6	0.632778	0.367212	1.03127e-05
Trpv4	0.770369	0.229541	8.94315e-05
Trpv2	0.828646	0.171352	2.29163e-06
Trpv1	0.999995	4.51471e-06	2.52052e-11
Trpm8	1	1.70237e-08	2.92655e-12
Trpm6	0.876706	0.123294	6.70845e-08
Trpm5	0.999241	0.000758705	6.94424e-10
Trpm3	0.999987	1.32468e-05	3.56473e-14
Trpm2	0.8615	0.138348	0.000152068
Trpm1	0.999534	0.000466178	5.58989e-09
Trpd52l3	0.771595	0.228404	1.02409e-06
Trpc6	1	4.53685e-07	3.96864e-15
Trpc5	0.999839	0.000160858	4.66531e-10
Trpc4	0.921056	0.0789379	5.90655e-06
Trpc3	0.982364	0.0176354	1.52825e-07
Trpc1	0.663545	0.334416	0.00203889
Trpa1	0.648921	0.351053	2.56692e-05
Trp73	0.944748	0.0551006	0.000151735
Trp63	0.998464	0.00153581	3.80682e-09
Trmt12	0.999999	5.09015e-07	1.39754e-15
Trim9	0.988123	0.0118766	1.28869e-07
Trim75	1	3.62292e-07	5.75095e-17
Trim7	0.998956	0.0010441	5.18906e-08
Trim69	0.999995	5.35044e-06	1.40454e-14
Trim68	0.683277	0.316722	9.94609e-07
Trim66	0.99999	9.80377e-06	3.73343e-11
Trim65	0.980758	0.0192424	2.71372e-09
Trim63	0.975648	0.0243514	8.4142e-07
Trim62	0.778553	0.221443	4.67122e-06
Trim60$Trim60	0.915241	0.0847593	1.30738e-08
Trim60	0.673679	0.326318	2.80822e-06
Trim47	0.582844	0.416759	0.000396382
Trim46	0.969043	0.0309565	1.76898e-07
Trim42	0.999921	7.8587e-05	1.85922e-14
Trim40	0.581208	0.418755	3.67117e-05
Trim31	0.999987	1.27901e-05	3.99428e-14
Trim30$AI451617	0.999514	0.000486329	2.91807e-12
Trim29	0.816808	0.183192	5.03313e-07
Trim16	0.94626	0.0537369	3.58314e-06
Trim14	0.999984	1.59621e-05	9.49828e-13
Trim10	0.993257	0.00674299	2.88721e-09
Trib2	0.999579	0.000420552	1.61674e-08
Trib1	0.985672	0.014328	3.21456e-07
Trhr2	0.788013	0.211921	6.68334e-05
Trhr	0.999999	1.1995e-06	1.72664e-16
Trhde	0.999982	1.80679e-05	1.13454e-08
Trex2	0.774579	0.225421	3.32773e-07
Treml4	0.999988	1.17546e-05	1.40947e-12
Treml2$LOC100047904	0.999934	6.56395e-05	1.38827e-13
Treml1	0.171085	0.828899	1.61482e-05
Trem3	0.836154	0.163846	1.01185e-07
Trem1	0.996534	0.00346618	3.38445e-11
Treh	0.998736	0.00126411	1.07705e-09
Trat1	0.999306	0.000694199	6.78864e-13
Traf6	0.950675	0.0493049	1.99405e-05
Traf5	0.985262	0.0147374	4.90627e-07
Traf3ip3	0.952609	0.0473891	2.34323e-06
Traf1	0.999421	0.00057929	2.5898e-09
Tpte	0.238836	0.761146	1.76346e-05
Tpsg1	0.901352	0.0986479	3.04981e-07
Tpsb2	0.999441	0.000559398	7.34664e-10
Tpsab1	0.971439	0.0285607	4.47856e-09
Tppp	1	6.02786e-08	1.58951e-11
Tpo	0.0241822	0.975535	0.000283193
Tph1	0.993382	0.00661769	9.04605e-08
Tpcn2	0.998507	0.00149315	9.74833e-11
Tpbpb	0.999995	4.50617e-06	7.23201e-15
Tpbpa	0.999968	3.23073e-05	3.14237e-14
Tpbg	0.26629	0.732311	0.0013984
Tox3	0.989336	0.0106608	3.47528e-06
Tox2	0.999674	0.000326173	3.86903e-09
Tor3a$LOC100047963	0.792059	0.207941	6.7531e-08
Tnxb	0.999598	0.000402427	1.02905e-08
Tns4	0.985284	0.0147158	2.9866e-07
Tnrc4	0.0833669	0.916617	1.60213e-05
Tnp1	0.999838	0.000161555	8.26591e-12
Tnnt3	0.999303	0.000696591	1.43967e-10
Tnnt2	0.999492	0.000507935	4.07084e-10
Tnni3k	0.969917	0.0300832	1.54087e-09
Tnni3	0.962893	0.0370977	9.31873e-06
Tnni2	0.997767	0.00223272	7.72755e-10
Tnni1	0.971919	0.0280808	8.50138e-08
Tnnc2	0.996636	0.00336395	6.02405e-10
Tnnc1	0.995199	0.00479888	1.90955e-06
Tnn	0.202081	0.79791	9.48438e-06
Tnmd	0.998947	0.00105282	1.18812e-10
Tnk1	0.944304	0.0556948	1.0281e-06
Tnfsf8	0.973041	0.0269589	3.18744e-09
Tnfsf4	0.988113	0.0118856	9.06526e-07
Tnfsf14	0.996458	0.00354223	2.33116e-10
Tnfsf13b	0.998793	0.00120662	2.14769e-09
Tnfsf11	0.344534	0.655304	0.000161516
Tnfsf10	0.999339	0.000660982	5.91069e-14
Tnfrsf9	0.995132	0.00486796	8.08396e-09
Tnfrsf8	0.901887	0.0981117	1.06055e-06
Tnfrsf25	0.988172	0.0118276	1.63226e-08
Tnfrsf19	0.749855	0.249793	0.000352297
Tnfrsf18	0.998899	0.00110087	3.41804e-09
Tnfrsf17	0.999939	6.0938e-05	5.13207e-11
Tnfrsf14	0.984386	0.0156136	6.93799e-08
Tnfrsf13c	0.823856	0.176143	9.96729e-07
Tnfrsf13b	0.999861	0.000139125	5.14356e-11
Tnfrsf11b	0.970745	0.0292549	1.41253e-08
Tnfrsf11a	0.799095	0.200905	4.22913e-08
Tnfrsf10b	0.999968	3.19761e-05	5.64032e-10
Tnfaip8l2	0.986528	0.0134715	2.03246e-07
Tnfaip3	0.767331	0.23254	0.000128388
Tnf	0.076054	0.921074	0.00287203
Tmub1	0.83243	0.167502	6.81215e-05
Tmtc2	0.989752	0.0102483	1.13646e-07
Tmtc1	0.999641	0.000359126	7.40049e-09
Tmprss4	0.706484	0.293515	9.86799e-07
Tmprss3	0.982288	0.0177125	2.82515e-09
Tmprss2	0.982674	0.0173261	2.16872e-08
Tmprss13	0.971384	0.0286154	2.17337e-07
Tmprss11f	1	1.30379e-07	4.35507e-16
Tmprss11e	1	4.55298e-07	3.18458e-13
Tmprss11d	1	3.9625e-08	1.20795e-13
Tmprss11a	1	2.64283e-07	5.00389e-16
Tmod4	0.999863	0.000137342	3.57868e-10
Tmod2$LOC100048637	0.999925	7.50958e-05	1.69831e-13
Tmigd1	0.999997	3.48336e-06	2.50118e-12
Tmie	0.997363	0.00263654	2.51464e-08
Tmhs	0.997847	0.00215286	1.07234e-11
Tmem91	0.999362	0.000638341	1.06786e-10
Tmem90a	0.323473	0.676262	0.000265078
Tmem86b	0.999513	0.000486618	8.41089e-10
Tmem82	0.98735	0.0126489	5.94712e-07
Tmem80	0.993231	0.00676815	6.87681e-07
Tmem74	0.998321	0.00167934	1.84836e-08
Tmem71	0.998125	0.00187507	5.37804e-09
Tmem67	1	2.03746e-07	3.6843e-13
Tmem63c	0.968878	0.031104	1.76852e-05
Tmem62	0.920772	0.0792271	9.46375e-07
Tmem59	1	1.34121e-11	2.75587e-18
Tmem56	0.999916	8.37283e-05	2.11849e-08
Tmem54	0.984344	0.0156556	1.84263e-07
Tmem53	0.826122	0.173847	3.12984e-05
Tmem46	0.957497	0.0425028	1.67211e-09
Tmem45b	0.677576	0.322416	7.25467e-06
Tmem44	0.99887	0.00112966	3.71632e-10
Tmem38a	0.998741	0.00125934	1.04015e-08
Tmem35	0.791971	0.208022	6.22004e-06
Tmem28	0.999665	0.000334604	2.70578e-08
Tmem27	1	3.81842e-07	2.26498e-12
Tmem26	0.999987	1.33448e-05	8.36055e-13
Tmem25	0.962047	0.037934	1.89208e-05
Tmem184a	0.991356	0.00864415	3.30194e-07
Tmem182	0.999999	1.42049e-06	3.14642e-12
Tmem178	0.999209	0.000791428	1.12158e-08
Tmem174	0.999978	2.20109e-05	1.00784e-12
Tmem17	0.999974	2.61866e-05	8.19819e-11
Tmem16d	0.999582	0.000417775	2.69837e-12
Tmem16c	0.999787	0.000213064	8.21865e-13
Tmem16a	0.44728	0.55272	2.50234e-07
Tmem169	0.999986	1.39769e-05	1.77944e-10
Tmem166	0.993636	0.0063636	1.70282e-10
Tmem162	0.997936	0.00206403	1.38749e-11
Tmem154	0.999994	6.44703e-06	4.6665e-11
Tmem144	0.829128	0.170871	1.72077e-06
Tmem143$2900057H02Rik	0.617928	0.382071	2.35267e-07
Tmem142b	0.990263	0.00973739	3.55344e-10
Tmem140	0.998896	0.00110371	6.39386e-09
Tmem139	0.994458	0.00554172	9.00225e-09
Tmem132e	0.986111	0.0138889	3.80472e-08
Tmem130	0.999844	0.00015611	5.67727e-10
Tmem125	0.954866	0.0451337	4.36792e-08
Tmem119	0.53132	0.468401	0.00027906
Tmem118	0.993701	0.00629949	2.44606e-10
Tmem117	0.984816	0.0151842	4.65175e-08
Tmem116	0.967032	0.0329658	2.60643e-06
Tmem112	0.436233	0.563767	6.14788e-07
Tmem108$LOC100045503	0.976232	0.0237683	1.48571e-09
Tmem104	0.99999	1.03868e-05	7.85744e-10
Tmem103	0.979705	0.0202953	2.77326e-09
Tmem100	0.999613	0.000386773	2.58966e-10
Tmem10	0.922655	0.0773451	3.06099e-09
Tmeff2	0.93102	0.0687821	0.000198239
Tmco5	0.999396	0.000604367	2.90569e-12
Tmco4	0.77611	0.223881	9.42448e-06
Tmco3	0.756009	0.243977	1.37444e-05
Tmcc2	0.726191	0.273519	0.000289722
Tmc7	0.598635	0.401322	4.34201e-05
Tmc5	0.997357	0.00264288	3.02539e-10
Tmc2	0.998986	0.00101362	3.91376e-11
Tmc1	0.999865	0.000135312	1.80494e-12
Tm7sf4	0.997143	0.00285721	2.26469e-08
Tm6sf2	0.996038	0.00396172	8.07616e-08
Tm4sf4	0.170806	0.829193	6.81767e-07
Tm4sf20	0.999963	3.65529e-05	1.24736e-14
Tlx3	0.408874	0.590101	0.00102452
Tlx1	0.779263	0.220717	1.99811e-05
Tlr8	0.545103	0.454897	1.69173e-07
Tlr7	0.999941	5.85361e-05	1.16262e-11
Tlr6	0.484855	0.515138	7.2646e-06
Tlr5	0.993582	0.0064182	8.75052e-08
Tlr4	0.999441	0.000559485	5.9898e-10
Tlr3	0.999988	1.21171e-05	1.45194e-14
Tlr2	0.984891	0.0151091	1.46747e-08
Tlr13	0.999968	3.18193e-05	6.89663e-12
Tlr12	0.398844	0.601101	5.50679e-05
Tlr1	0.999991	9.04543e-06	2.28083e-13
Tlm	0.999915	8.48864e-05	2.04124e-13
Tll2	0.999849	0.000150957	2.73483e-12
Tll1	0.997639	0.0023608	8.20306e-09
Tle2	0.971878	0.028119	3.45698e-06
Tktl2	0.997056	0.00294403	4.13572e-10
Tktl1	0.259737	0.740233	2.96754e-05
Titf1	0.959724	0.0402763	6.30452e-09
Tinag	0.999857	0.000142748	3.89495e-14
Timp4	0.97467	0.0253293	6.31666e-07
Timd4	0.999802	0.000198466	8.33153e-12
Timd2	0.998977	0.00102321	5.61072e-09
Tigd5	0.999853	0.000147461	1.24299e-10
Tie1	0.999338	0.0006615	1.07111e-09
Tiam2	0.940154	0.0598455	7.40848e-07
Tiaf2	0.92129	0.0787102	1.14781e-08
Thsd7b	0.996126	0.0038742	8.80349e-08
Thsd4	0.984903	0.0150964	2.67853e-07
Thsd1	0.889985	0.110008	6.90634e-06
Thrsp	0.436872	0.563125	2.91901e-06
Thrb	0.998768	0.00123218	1.16055e-07
Thpo	0.813934	0.185991	7.54003e-05
Them5	0.999981	1.86812e-05	2.86597e-13
Them4	0.885237	0.114763	2.10724e-08
Theg	0.953623	0.0463768	4.7141e-09
Thbs4	0.980025	0.0199748	2.90375e-07
Thbs3	0.947242	0.0527559	1.82711e-06
Thbs2	0.661779	0.33822	1.59042e-06
Thap2	0.99968	0.00032013	1.9944e-09
Tha1	0.9854	0.0146003	8.12844e-08
Th	0.954787	0.0451994	1.35662e-05
Tgm6	0.990729	0.00927064	8.13778e-12
Tgm5	0.965971	0.0340293	1.05739e-08
Tgifx1	1	2.94834e-07	5.9074e-17
Tgfbi	0.329971	0.669594	0.000435302
Tgfb3	0.918534	0.0814271	3.90355e-05
Tgfb2	0.99525	0.00474783	2.33753e-06
Tgfa	0.304968	0.694823	0.000209598
Tg	0.963101	0.036899	2.72272e-09
Tfpi2	0.826161	0.173838	4.77095e-07
Tff3	0.942109	0.0578907	2.35101e-08
Tff2	0.760783	0.239196	2.05243e-05
Tex24	1	3.82393e-07	1.54241e-13
Tex22	0.999946	5.44262e-05	1.78903e-11
Tex18	0.999999	5.45496e-07	1.38571e-16
Tex16	0.999921	7.8643e-05	8.13939e-10
Tex13	0.553897	0.445987	0.00011617
Tex101	0.87502	0.124979	1.31592e-06
Tessp2	0.87578	0.12422	1.21649e-08
Tesp2	0.993977	0.00602332	5.43937e-11
Tesp1	0.99257	0.00743043	8.10089e-11
Tert	0.975991	0.0239714	3.75154e-05
Tenc1	0.709557	0.290353	9.01338e-05
Tekt5	0.999597	0.000402817	2.22495e-09
Tekt4	0.985389	0.0146102	5.31031e-07
Tekt3	0.921982	0.0780098	8.4784e-06
Tekt2	0.932415	0.0675847	3.2923e-07
Tekt1	0.41958	0.580184	0.000236567
Tectb	0.998221	0.00177912	5.57227e-10
Tecta	0.9586	0.0414003	4.82397e-09
Tec	0.832144	0.167074	0.000781943
Tdrd7	0.908915	0.0910455	3.92803e-05
Tdrd1	0.999241	0.000758988	1.99688e-09
Tdpoz1	0.941701	0.0582923	6.93564e-06
Tdo2	0.999891	0.000108893	1.5574e-11
Tctex1d1	0.999996	4.28026e-06	6.74331e-13
Tcte2	1	1.14389e-08	3.17183e-16
Tcte1	0.999547	0.00045293	1.47139e-09
Tcstv3	0.425012	0.574987	6.50096e-07
Tcl1b4	0.12385	0.876146	3.70284e-06
Tchhl1	0.99907	0.000930328	1.04899e-10
Tcfec	0.992445	0.00755488	4.30185e-11
Tcfap2e	0.999276	0.000724239	7.92228e-12
Tcfap2d	0.989907	0.0100928	4.50223e-10
Tcfap2b	0.997863	0.00213666	4.17458e-10
Tcfap2a$Hrc	0.904695	0.095305	1.60868e-08
Tcf7l2	0.991867	0.00813108	1.78234e-06
Tcf23	0.999387	0.000612677	2.36565e-09
Tcf21	0.990073	0.00992473	2.27243e-06
Tcf2	0.9034	0.0965999	5.2227e-08
Tcf1	0.999757	0.000242657	1.56545e-13
Tcerg1l	0.741884	0.258103	1.36105e-05
Tceal3	0.0653032	0.932852	0.00184456
Tcba1	0.999999	8.60809e-07	1.18117e-14
Tcap	0.797272	0.202726	2.85325e-06
Tcam1	0.99368	0.00631959	3.40457e-10
Tbxas1	0.890891	0.109102	6.41841e-06
Tbx6	0.999861	0.000139208	6.89172e-10
Tbx5	0.649352	0.350454	0.000194053
Tbx4	0.947057	0.0529327	1.05938e-05
Tbx22	0.999991	8.55343e-06	1.11293e-10
Tbx21	0.997186	0.00281359	8.014e-08
Tbx20	0.997274	0.00272521	3.0296e-07
Tbx2	0.999192	0.000808264	2.3065e-08
Tbx19	0.359	0.640786	0.000214331
Tbx18	0.899977	0.100006	1.69503e-05
Tbr1	0.999988	1.16363e-05	8.67695e-11
Tbc1d9	0.880726	0.119204	7.05401e-05
Tbc1d8b	0.569725	0.43027	4.40039e-06
Tbc1d5	0.798447	0.201534	1.92545e-05
Tbc1d4	0.984501	0.0154987	2.32214e-10
Tbc1d21	0.999991	8.85093e-06	1.21023e-14
Tbc1d14$LOC100044325	0.840343	0.159657	4.09927e-08
Tbc1d10c	0.999384	0.000615833	3.50454e-10
Tbc1d1$LOC100046817	0.817969	0.182031	5.24046e-08
Tat	0.88972	0.110279	4.9698e-07
Tas2r119	0.999352	0.00064764	5.50428e-13
Tas2r108	0.624976	0.375024	1.87535e-07
Tas2r105	0.999983	1.72018e-05	1.04895e-13
Tas1r2	0.226981	0.77301	9.10547e-06
Tas1r1	0.994626	0.00537403	2.57897e-09
Tapbpl	0.98622	0.0137791	4.0195e-07
Tap2	0.516261	0.483418	0.000320218
Tap1	0.918179	0.0817485	7.26916e-05
Tanc2	0.929343	0.0706559	1.43454e-06
Tal2	0.99913	0.000869626	2.01316e-08
Tal1	0.999967	3.33824e-05	3.65922e-10
Tagln3	0.978883	0.0211166	4.02155e-08
Taf15	0.999856	0.000144203	5.14106e-09
Tada1l	0.242456	0.757536	7.96332e-06
Tacstd2	0.999965	3.45364e-05	7.03065e-13
Tacr3	0.319885	0.679812	0.000302716
Tacr1	0.436744	0.563059	0.000196971
Tac4	0.999995	4.8199e-06	3.01289e-15
Tac2	0.991651	0.00834885	1.03683e-08
Tac1	0.959642	0.0403564	1.67173e-06
Taar1	0.996126	0.00387435	4.80733e-08
T2bp	0.755594	0.244406	1.08772e-07
T	0.999933	6.71519e-05	2.27468e-10
Sytl4	0.986629	0.0133711	6.27896e-09
Sytl2	0.998547	0.00145301	3.13581e-10
Syt7	0.678599	0.321288	0.000112668
Syt6	0.992605	0.00739502	1.30119e-08
Syt4	0.98659	0.0134098	2.65888e-07
Syt3	0.867848	0.13212	3.13477e-05
Syt2	0.985888	0.014112	2.14687e-07
Syt17	0.972592	0.0274079	1.71501e-07
Syt16	0.999943	5.72937e-05	3.55214e-11
Syt13	0.984317	0.0156808	1.8923e-06
Syt12	0.375279	0.61967	0.00505138
Syt10	0.99378	0.00621968	2.84671e-09
Syt1	0.947734	0.05226	5.97085e-06
Sypl2	0.804974	0.195024	2.2306e-06
Syp	0.712308	0.287664	2.83379e-05
Synpr	0.999997	3.42728e-06	4.01739e-12
Synpo2l	0.999993	6.53948e-06	1.25841e-12
Synj2	0.997692	0.00230767	1.49702e-07
Syngr4	0.894006	0.105993	9.43916e-07
Syngr3	0.973498	0.0264973	4.36716e-06
Syne2	0.99996	4.01365e-05	8.74016e-11
Syne1	0.92954	0.0704514	8.41663e-06
Sync	0.989995	0.0100053	2.12308e-08
Syn3	0.995761	0.0042389	1.34163e-09
Syn2	0.997547	0.00245073	2.14819e-06
Sycp2	0.999981	1.94904e-05	1.9482e-12
Sycn	0.902364	0.0976195	1.62539e-05
Svs7	0.999999	1.1378e-06	4.11673e-16
Svs6	0.99999	9.67574e-06	9.41314e-15
Svs5	0.590496	0.409503	1.14298e-07
Svs4	1	3.25843e-09	3.08163e-15
Svs3a	0.99997	3.00033e-05	1.13107e-14
Svs2	0.999995	4.97432e-06	8.3231e-16
Svop	0.998274	0.00172542	9.04701e-08
Svep1	0.498173	0.501811	1.5927e-05
Sval2	0.999998	2.082e-06	5.52773e-15
Sval1	1	3.25284e-08	1.21035e-18
Sva	0.999867	0.000132822	1.01825e-12
Sv2b	0.997022	0.00297837	6.64363e-11
Susd3	0.836377	0.163548	7.55159e-05
Sumo3	1	1.23444e-08	4.99196e-15
Sult3a1	1	3.75954e-08	3.14641e-17
Sult2b1	0.967327	0.0326691	4.23523e-06
Sult1e1	0.999955	4.53182e-05	7.13289e-16
Sult1d1	0.999995	5.37358e-06	9.74197e-15
Sult1c2	0.979332	0.0206683	3.55155e-08
Sult1b1	1	1.12209e-07	4.55583e-16
Sult1a1	0.999859	0.000141234	4.3757e-14
Sucnr1	1	3.05202e-07	8.94082e-15
Styxl1	0.999898	0.000101865	1.87954e-09
Styk1	0.979464	0.0205361	2.49215e-08
Stxbp6	0.99765	0.00234988	7.05924e-08
Stxbp5	0.998268	0.00173154	4.2476e-08
Stxbp4	0.997005	0.0029953	2.937e-08
Stx1b1	0.999845	0.00015495	5.06331e-13
Stx1a	0.626744	0.373019	0.000237245
Stx19	0.999972	2.7513e-05	1.86012e-13
Strm	0.999991	9.20105e-06	7.67784e-15
Strc	0.924202	0.0756401	0.000157774
Stra6	0.908678	0.0913046	1.78023e-05
Stox2	0.970128	0.0298716	2.82499e-08
Ston2	0.367774	0.631704	0.000521062
Stoml3	0.996989	0.00301087	1.23383e-09
Stmn4	0.54723	0.452749	2.16171e-05
Stk39	0.85093	0.148946	0.00012422
Stk36	0.99206	0.00793387	6.54059e-06
Stk32c	0.98708	0.0129169	2.79941e-06
Stk32b	0.947367	0.0525311	0.000102286
Stk32a	0.943007	0.0569901	2.51649e-06
Stk22s1	0.670233	0.329766	1.45875e-07
Stfa3	0.999973	2.70076e-05	8.88261e-15
Stfa2l1	1	2.2228e-09	1.06921e-17
Steap4	0.990804	0.00919601	2.2112e-08
Stc1	0.592617	0.407348	3.52807e-05
Stbd1	0.999944	5.59774e-05	2.25061e-10
Stat5a	0.264914	0.734868	0.000217485
Stat2	0.990727	0.00927276	6.40289e-07
Stard7	0.999548	0.000451474	1.90059e-07
Stard6	0.973385	0.0266144	3.0502e-07
Stard5	0.928046	0.0719536	3.66303e-08
Stard13	0.900409	0.0985061	0.00108465
Star	0.967846	0.0321539	6.61367e-11
Stac3	0.884675	0.115319	5.72623e-06
Stac	0.995125	0.00487517	2.56429e-09
Stab2	0.940508	0.0594924	1.24688e-08
Stab1	0.982692	0.0173059	2.08424e-06
St8sia6	0.977672	0.0223279	3.04752e-08
St8sia5	0.746144	0.253787	6.84906e-05
St8sia4	0.999337	0.000662468	3.91986e-08
St8sia3	0.635494	0.364143	0.000363848
St8sia2	0.382367	0.617452	0.000181119
St7	0.934072	0.0656117	0.000316155
St6galnac5	0.998375	0.00162501	2.2687e-09
St6galnac3	0.971553	0.0284474	4.60339e-08
St6galnac2	0.998808	0.00119159	3.19846e-10
St6galnac1	0.999993	7.25296e-06	4.09725e-17
St6gal2	0.999978	2.16118e-05	3.6503e-11
St3gal6	0.995548	0.00444143	1.08853e-05
St3gal1	0.983405	0.016595	3.8649e-07
St18	0.999999	9.81752e-07	4.39207e-12
Sstr5	0.991539	0.00846117	9.97598e-08
Sstr4	0.938949	0.0610512	4.52835e-10
Sstr3	0.986182	0.0138179	3.56393e-07
Sstr2	0.999699	0.000300996	3.06572e-08
Sstr1	0.999269	0.00073095	2.06824e-09
Sst	0.00896138	0.99014	0.000898598
Sspo	0.733849	0.266146	4.84274e-06
Sspn	0.997943	0.00205749	4.0743e-10
Ssh3	0.96	0.0399987	1.08658e-06
Ssbp2	0.671691	0.328295	1.35867e-05
Sry	0.999999	5.31681e-07	1.24438e-16
Srrp	0.999999	1.30545e-06	3.16482e-15
Srr	0.999983	1.71059e-05	3.37141e-09
Srpx2	0.384194	0.615803	2.5784e-06
Srpx	0.998618	0.00138243	1.37453e-09
Srpk3	0.999984	1.61704e-05	9.88022e-12
Srms	0.0731579	0.926628	0.000213947
Srgap3	0.666984	0.332985	3.17043e-05
Srgap1	0.999816	0.000183758	6.16031e-12
Srd5a2l2	0.999997	3.08755e-06	8.9628e-15
Srd5a2	0.819277	0.18072	3.11758e-06
Spz1	0.294346	0.705651	3.09137e-06
Spty2d1	0.963066	0.0369282	5.85001e-06
Sptlc3	0.999265	0.000734826	9.52831e-09
Spt2	1	4.04309e-08	3.95669e-18
Spt1	1	5.26829e-08	5.64798e-18
Spsb4	0.812002	0.187902	9.68168e-05
Spry3	0.999999	5.5425e-07	1.41677e-16
Sprr3	0.284035	0.715963	1.48029e-06
Sprr2i	0.999979	2.131e-05	2.32876e-12
Sprr2f	0.999996	3.59697e-06	7.51093e-14
Sprr2d	0.726217	0.273783	5.87181e-07
Sprr1b	0.999996	4.33993e-06	2.16452e-15
Sprr1a	0.641319	0.358681	8.48812e-08
Sprn	0.996542	0.00345823	4.54204e-11
Spred3	0.995506	0.00447401	2.02251e-05
Spp2	0.99925	0.000749738	1.28974e-10
Spon2	0.92698	0.0730135	6.69677e-06
Spon1	0.995368	0.0046318	1.39297e-09
Spock3	0.999973	2.73371e-05	2.31676e-09
Spock1	0.995951	0.00404871	1.75839e-08
Spo11	0.98829	0.0117098	1.7569e-08
Spnb1	0.3284	0.668049	0.00355049
Spn	0.745081	0.254918	8.06842e-07
Spint4	0.99369	0.00630983	1.71067e-10
Spinlw1	0.86689	0.13311	1.84666e-07
Spink8	0.999892	0.000108425	4.27512e-12
Spink5	1	8.98962e-08	1.74216e-17
Spink4	0.936242	0.063756	2.34126e-06
Spink2	0.283851	0.716113	3.63897e-05
Spink12	0.998198	0.00180164	4.43557e-10
Spink10	0.996932	0.0030676	2.86075e-08
Spib	0.999219	0.000780881	1.50066e-10
Sphk1	0.853779	0.146186	3.415e-05
Spg3a	0.999283	0.000716986	2.55849e-11
Spert	0.82865	0.17135	1.99836e-08
Spem1	0.903224	0.0967727	3.46698e-06
Speg	0.900941	0.099046	1.34649e-05
Spef1	0.99824	0.00175991	1.17816e-10
Speer4b$EG664804	1	1.11994e-08	7.17052e-19
Spdyb	0.682231	0.317743	2.60065e-05
Spdef	0.882493	0.117505	1.82839e-06
Spatc1	0.999879	0.000120762	2.99605e-11
Spata9	0.276543	0.723454	2.62329e-06
Spata4	0.999976	2.37017e-05	2.30368e-10
Spata3	0.933077	0.0669203	2.6571e-06
Spata2L	0.961851	0.0381493	3.29528e-09
Spata19	0.99999	9.54978e-06	4.47985e-16
Spata17	0.999995	4.76233e-06	1.73485e-11
Spata16	0.998634	0.00136603	4.52127e-12
Spata1	0.999999	5.43736e-07	8.73287e-13
Sparcl1	0.999959	4.14249e-05	3.47257e-12
Spam1	1	1.44204e-07	1.60769e-16
Spag8	0.968234	0.031766	3.2559e-07
Spag6	0.999494	0.000505642	3.69241e-09
Spag16	0.999832	0.000167806	7.52823e-09
Spag1	0.979196	0.0208003	3.66587e-06
Spaca4	0.780879	0.21912	8.14922e-07
Spaca3	0.997915	0.0020844	4.87565e-07
Spaca1	0.999859	0.000140894	3.15995e-11
Spa17	0.875695	0.124274	3.06568e-05
Sp8	0.999909	9.10567e-05	2.51262e-11
Sp7	0.170019	0.829868	0.00011278
Sp6	0.338701	0.659281	0.00201795
Sp5	0.976296	0.0237037	3.32236e-07
Sp4	0.985989	0.0140105	5.34344e-07
Sp100	0.999979	2.09665e-05	5.32021e-11
Sox9	0.978802	0.0211925	5.71775e-06
Sox8	0.999061	0.000939012	5.63978e-09
Sox7	0.909853	0.0901464	3.00997e-07
Sox6	0.973494	0.0265045	2.02313e-06
Sox5	0.992472	0.00752466	3.71238e-06
Sox30	0.999998	2.44698e-06	1.56999e-12
Sox18	0.953546	0.0464537	5.43731e-07
Sox17	0.131585	0.861392	0.00702259
Sox1	0.998142	0.00185775	2.37325e-11
Sostdc1	0.997365	0.00263468	1.54742e-10
Sorcs3	0.403532	0.596354	0.000113766
Sorcs2	0.852331	0.147549	0.000120647
Sorcs1	0.995718	0.00428198	4.49309e-07
Sorbs2	0.997853	0.00214643	8.89324e-08
Sohlh1	0.963729	0.0362703	5.70317e-07
Sod3	0.910425	0.0895741	1.28279e-06
Socs1	0.909567	0.090433	2.97008e-07
Sobp	0.93843	0.06157	1.66106e-07
Soat2	0.938477	0.0615226	2.99307e-07
Snx26	0.970214	0.0297855	3.52551e-09
Snx22	0.925358	0.0746106	3.13444e-05
Snx21	0.901998	0.0979296	7.23878e-05
Sntg2	0.995681	0.00431921	3.04554e-09
Sntg1	0.99998	2.0031e-05	4.8395e-10
Sntb1	0.953078	0.0469196	2.32209e-06
Snf1lk	0.972668	0.0273324	3.00176e-10
Sncg	0.911314	0.088686	3.58508e-07
Sncaip	0.998707	0.00129267	1.29271e-08
Snca	0.941543	0.0584131	4.43126e-05
Snapc5	1	2.0324e-12	2.69673e-17
Snap25	0.999987	1.3384e-05	1.17262e-10
Snai2	0.193296	0.80574	0.000963708
Snai1	0.459134	0.540588	0.000278027
Smyd1	0.985128	0.014871	6.43065e-07
Smtnl1	0.45259	0.547317	9.37201e-05
Smr2	0.507504	0.492496	9.94811e-08
Smpx	0.999985	1.48878e-05	1.52301e-13
Smpdl3a	0.833004	0.166992	3.94924e-06
Smpd3	0.983705	0.0162953	2.35014e-08
Smok3a	0.999979	2.0517e-05	1.63352e-11
Smoc2	0.860892	0.139084	2.35457e-05
Smcp	0.999025	0.000975226	2.09817e-10
Smarca2	0.893995	0.105952	5.23484e-05
Sln	0.996511	0.00348869	2.81508e-10
Slmo1	0.798176	0.201814	1.00604e-05
Slitrk6	0.998519	0.00148097	8.97501e-11
Slitrk5	0.997939	0.00206109	5.15331e-08
Slitrk4	0.999146	0.000853914	5.40941e-08
Slitrk3	0.9078	0.0921948	5.52225e-06
Slitrk2	0.99414	0.00585957	3.08121e-08
Slitrk1	0.999818	0.000181705	1.02444e-11
Slit3	0.262173	0.737711	0.000116889
Slit1	0.283081	0.715584	0.00133534
Slfnl1	0.907234	0.0927637	2.14223e-06
Slfn9	0.925414	0.0745857	6.2886e-07
Slfn8	0.99597	0.00403034	2.84165e-08
Slfn5	0.99982	0.000180471	1.28947e-09
Slfn4$Slfn3	0.999999	1.25266e-06	4.43805e-16
Slfn3$Slfn3	1	1.28299e-07	1.88697e-17
Slfn2	0.155791	0.843774	0.000434763
Slfn10	0.999997	2.59164e-06	2.13195e-15
Slfn1	0.999916	8.43516e-05	5.94741e-13
Slco6c1	0.999999	8.84999e-07	6.15184e-15
Slco6b1	0.999999	7.30814e-07	6.74654e-15
Slco5a1	0.919346	0.0806537	3.94397e-07
Slco4c1	0.999996	4.46028e-06	5.1017e-13
Slco3a1	0.598871	0.395385	0.00574385
Slco2a1	0.702938	0.297055	6.79257e-06
Slco1c1	0.999978	2.18414e-05	7.38764e-14
Slco1b2	0.999987	1.30354e-05	7.0197e-12
Slco1a6	1	1.89226e-07	1.08798e-14
Slco1a5	0.999927	7.26503e-05	7.08711e-11
Slco1a4	0.628252	0.371347	0.000401145
Slco1a1	0.626231	0.373769	1.68196e-07
Slc9a9	0.999778	0.000222234	6.82608e-09
Slc9a8	0.994962	0.00503627	1.77359e-06
Slc9a5	0.96743	0.0325534	1.61736e-05
Slc9a4	0.999875	0.000124891	3.8301e-12
Slc9a3	0.999953	4.71958e-05	5.44583e-12
Slc9a2	0.999276	0.000724041	2.22308e-10
Slc8a3	0.855416	0.144581	2.23607e-06
Slc8a2	0.994011	0.00598786	1.00924e-06
Slc8a1	0.999999	1.38894e-06	6.68514e-14
Slc7a9	0.999646	0.000354455	1.18145e-11
Slc7a8	0.999439	0.000560548	1.60577e-07
Slc7a2	0.998167	0.00183283	9.14315e-08
Slc7a15	0.997427	0.00257302	1.35251e-08
Slc7a14	0.996577	0.00342272	3.05921e-08
Slc7a13	0.987901	0.0120981	1.03863e-06
Slc7a12	1	2.919e-07	1.6111e-16
Slc7a11	0.999732	0.00026794	2.61394e-09
Slc7a10	0.919551	0.0804482	1.10425e-06
Slc6a5$LOC677366	0.999625	0.000374773	1.95226e-12
Slc6a4	0.929087	0.0708979	1.53141e-05
Slc6a3	0.946273	0.0537275	3.92851e-08
Slc6a20	0.996842	0.00315799	5.21083e-12
Slc6a2	0.619731	0.380223	4.51381e-05
Slc6a19	0.961876	0.0381235	8.43732e-07
Slc6a18	0.994094	0.00590644	9.85307e-12
Slc6a14	0.999992	7.61636e-06	2.36417e-13
Slc6a13	0.92269	0.07731	3.44503e-07
Slc6a12	0.999107	0.000893019	5.70821e-10
Slc6a11	0.985399	0.0146014	3.02361e-08
Slc6a1	0.394145	0.605481	0.000373979
Slc5a9	0.999839	0.000160913	1.3865e-09
Slc5a8	0.999725	0.000275246	4.87655e-10
Slc5a7	0.999013	0.000987396	3.75662e-08
Slc5a6	0.973674	0.0263249	1.12476e-06
Slc5a5	0.989946	0.0100535	2.17733e-07
Slc5a4b	0.307467	0.692514	1.87949e-05
Slc5a4a	0.998731	0.00126877	2.79327e-09
Slc5a3	0.999109	0.000891377	4.83813e-10
Slc5a12	0.999999	1.42891e-06	7.74467e-14
Slc5a10	0.148412	0.851307	0.000281648
Slc5a1	0.990671	0.00932612	3.00004e-06
Slc4a9	0.997318	0.00268238	3.38154e-11
Slc4a8	0.837861	0.160816	0.00132265
Slc4a4	0.995711	0.00428767	1.55573e-06
Slc4a3	0.759958	0.240002	3.98783e-05
Slc4a10	0.999738	0.000261776	3.30789e-08
Slc4a1	0.999703	0.000296973	3.34261e-11
Slc46a3	0.996357	0.00364329	2.62818e-08
Slc46a2	0.999999	1.41953e-06	1.63522e-13
Slc45a2	0.08141	0.918446	0.000144474
Slc44a3	0.999912	8.82369e-05	2.51705e-11
Slc43a2	0.934654	0.0651949	0.000151509
Slc41a2	0.997676	0.0023238	2.48059e-07
Slc40a1	0.619024	0.380491	0.000484761
Slc3a1	0.999947	5.28234e-05	4.45834e-12
Slc39a8	0.976498	0.0234607	4.16459e-05
Slc39a5	0.806337	0.193597	6.58496e-05
Slc39a2	0.998784	0.00121562	1.83411e-08
Slc39a12	0.999999	1.23995e-06	5.87121e-13
Slc38a3	0.236848	0.761924	0.0012283
Slc37a2	0.708772	0.291178	5.04779e-05
Slc36a3	0.367	0.633	1.40714e-07
Slc36a2	0.630583	0.369409	7.81002e-06
Slc35f4	0.999313	0.000687101	6.8674e-09
Slc35f3	0.997209	0.00279126	7.17927e-09
Slc35f1	0.999862	0.000137756	2.87484e-10
Slc35e4	0.566341	0.43335	0.000308456
Slc35d3	0.997557	0.00244322	3.3505e-08
Slc35d2	0.984201	0.0157989	6.99109e-08
Slc35d1	0.999733	0.000267025	4.15908e-10
Slc35a5	0.999906	9.36874e-05	1.7084e-09
Slc34a3	0.813265	0.18673	4.73559e-06
Slc34a2	0.385259	0.614644	9.69357e-05
Slc34a1	0.703403	0.296585	1.24811e-05
Slc32a1	0.482086	0.517262	0.000652108
Slc30a8	0.998021	0.00197853	5.50698e-12
Slc30a2	0.818339	0.181658	2.95152e-06
Slc30a10	0.99682	0.00318021	3.59303e-08
Slc2a9	0.999739	0.000260888	1.10644e-10
Slc2a6	0.958195	0.0418044	6.16583e-07
Slc2a5	0.83683	0.163131	3.84595e-05
Slc2a4	0.685141	0.3147	0.000159501
Slc2a2	0.999984	1.60672e-05	3.82606e-13
Slc2a13	0.999883	0.000117235	9.16863e-10
Slc2a12	0.972962	0.027037	4.97611e-07
Slc2a10	0.999896	0.000104485	1.48678e-11
