Loci	pips_0	pips_1	pips_2
p_pips	0.990084	0.00982538	9.0543e-05
a_pips	0.98558	0.0142842	0.000136063
Zxdb_pips	0.411083	0.575647	0.01327
Zswim5_pips	0.883504	0.114994	0.00150209
Zswim2_pips	0.999189	0.000804016	7.03867e-06
Zscan20_pips	0.652019	0.341918	0.00606328
Zscan2_pips	0.985022	0.014836	0.000141846
Zpbp2_pips	0.99528	0.00467873	4.1169e-05
Zpbp_pips	0.990806	0.00911094	8.34669e-05
Zp3r_pips	0.998114	0.00186984	1.61073e-05
Zp3_pips	0.996967	0.00300686	2.60582e-05
Zp2_pips	0.996818	0.00315421	2.7368e-05
Zp1_pips	0.990412	0.00950114	8.73236e-05
Znrf4_pips	0.986106	0.0137633	0.000130632
Zmynd15_pips	0.984117	0.0157312	0.000151293
Zmynd12_pips	0.994335	0.00561522	4.98543e-05
Zmynd10_pips	0.906162	0.0926801	0.00115764
Zmiz1_pips	0.844761	0.153104	0.0021351
Zmat4_pips	0.997691	0.00228942	1.97463e-05
Zmat1_pips	0.978648	0.0211419	0.000209988
Zkscan6_pips	0.936763	0.0625115	0.000725642
Zim1_pips	0.996817	0.00315553	2.73799e-05
Zic4_pips	0.992708	0.00722662	6.51289e-05
Zic1_pips	0.00107778	0.77928	0.219642
Zhx3_pips	0.736486	0.259334	0.00418019
Zhx2_pips	0.165925	0.806714	0.0273615
Zfyve28_pips	0.957222	0.0423166	0.000461083
Zfyve27_pips	0.327091	0.656103	0.016806
Zfyve16_pips	0.696158	0.298796	0.00504622
Zfy1_pips	0.994254	0.00569525	5.06034e-05
Zfpm2_pips	0.918227	0.0807903	0.000982528
Zfp94_pips	0.741119	0.254797	0.00408441
Zfp92_pips	0.97159	0.028121	0.000289291
Zfp9_pips	0.829355	0.168243	0.00240156
Zfp82_pips	0.726732	0.268884	0.00438431
Zfp811_pips	0.976403	0.0233619	0.000234801
Zfp804a_pips	0.99974	0.000257431	2.43552e-06
Zfp787$LOC100041228_pips	0.634114	0.359389	0.00649765
Zfp786_pips	0.983293	0.0165474	0.000159975
Zfp784_pips	0.867897	0.130352	0.00175059
Zfp78_pips	0.9434	0.0559625	0.000637494
Zfp768_pips	0.0723255	0.886103	0.041571
Zfp759_pips	0.856785	0.141282	0.00193291
Zfp750_pips	0.11081	0.85521	0.0339796
Zfp75_pips	0.755703	0.240509	0.0037878
Zfp711_pips	0.954336	0.0451669	0.000497078
Zfp709_pips	0.997998	0.00198524	1.71042e-05
Zfp708_pips	0.992658	0.00727614	6.56045e-05
Zfp697_pips	0.917791	0.0812199	0.000988748
Zfp689_pips	0.678015	0.31653	0.00545525
Zfp677_pips	0.886324	0.112218	0.00145816
Zfp672_pips	0.304611	0.677485	0.0179038
Zfp661_pips	0.669134	0.325206	0.00566002
Zfp653_pips	0.632029	0.361422	0.00654907
Zfp629_pips	0.521429	0.46901	0.00956112
Zfp619_pips	0.90396	0.0948502	0.00119024
Zfp612_pips	0.842471	0.155355	0.0021742
Zfp608_pips	0.314511	0.668078	0.0174108
Zfp606_pips	0.902926	0.0958681	0.00120561
Zfp597_pips	0.805442	0.191727	0.00283132
Zfp595_pips	0.752289	0.243855	0.00385657
Zfp59_pips	0.998872	0.00111794	9.68538e-06
Zfp583_pips	0.954749	0.0447592	0.000491901
Zfp563_pips	0.839619	0.158157	0.00222312
Zfp551_pips	0.972854	0.0268711	0.000274815
Zfp541_pips	0.892098	0.106533	0.00136913
Zfp536_pips	0.997805	0.00217602	1.87589e-05
Zfp53$LOC100044273_pips	0.62558	0.367711	0.00670931
Zfp524_pips	0.0615672	0.893777	0.0446561
Zfp521_pips	0.998882	0.00110878	9.60789e-06
Zfp52_pips	0.989603	0.0103016	9.52954e-05
Zfp509_pips	0.743661	0.252307	0.00403218
Zfp503_pips	0.800446	0.19663	0.00292356
Zfp474_pips	0.942654	0.0566988	0.000647297
Zfp467_pips	0.974055	0.0256834	0.000261167
Zfp458_pips	0.990554	0.00935974	8.59238e-05
Zfp455_pips	0.999729	0.000268145	2.52698e-06
Zfp454_pips	0.901975	0.0968055	0.00121979
Zfp40_pips	0.99571	0.00425241	3.72658e-05
Zfp398_pips	0.927256	0.0718886	0.000855493
Zfp39_pips	0.975201	0.0245512	0.000248256
Zfp358_pips	0.3696	0.615481	0.0149187
Zfp354b_pips	0.994615	0.00533733	4.72616e-05
Zfp334_pips	0.993212	0.00672745	6.03549e-05
Zfp324_pips	0.653805	0.340175	0.00602066
Zfp319_pips	0.417342	0.569622	0.0130352
Zfp316_pips	0.696277	0.29868	0.00504358
Zfp30_pips	0.838582	0.159178	0.00224099
Zfp3_pips	0.719041	0.276411	0.00454763
Zfp287_pips	0.867001	0.131234	0.00176514
Zfp286_pips	0.985428	0.0144342	0.000137632
Zfp282_pips	0.222152	0.755068	0.0227798
Zfp28_pips	0.990686	0.00922929	8.46346e-05
Zfp276_pips	0.495319	0.494316	0.0103649
Zfp273_pips	0.901075	0.0976915	0.00123324
Zfp27_pips	0.531455	0.459282	0.00926287
Zfp248_pips	0.869763	0.128517	0.00172042
Zfp213_pips	0.611532	0.381403	0.00706445
Zfp202_pips	0.745713	0.250297	0.00399018
Zfp2_pips	0.959415	0.0401513	0.000434057
Zfp189_pips	0.981692	0.0181314	0.000177004
Zfp182_pips	0.918445	0.0805761	0.000979429
Zfp179_pips	0.958944	0.0406161	0.000439834
Zfp169_pips	0.585504	0.406751	0.0077454
Zfp142_pips	0.875197	0.12317	0.00163326
Zfp14_pips	0.981205	0.018613	0.000182227
Zfp128_pips	0.774175	0.222402	0.00342268
Zfp119_pips	0.838807	0.158956	0.00223711
Zfp113_pips	0.695044	0.299885	0.00507098
Zfp112_pips	0.695845	0.299102	0.00505317
Zfp111_pips	0.818274	0.179128	0.00259826
Zfp11_pips	0.189095	0.78561	0.025295
Zfp109_pips	0.723421	0.272125	0.00445436
Zfp108_pips	0.978321	0.0214656	0.00021358
Zfhx4_pips	0.35211	0.632222	0.0156682
Zfat1_pips	0.693474	0.30142	0.00510595
Zer1_pips	0.998421	0.00156542	1.34921e-05
Zeb2_pips	0.996874	0.00309921	2.68786e-05
Zdhhc25_pips	0.996447	0.00352257	3.06618e-05
Zdhhc22_pips	0.664173	0.330051	0.00577573
Zdhhc2_pips	0.863685	0.134496	0.00181919
Zdhhc19_pips	0.997396	0.00258129	2.23008e-05
Zdhhc17_pips	0.304905	0.677206	0.017889
Zdhhc14_pips	0.7295	0.266174	0.00432603
Zdhhc11_pips	0.997443	0.00253557	2.18994e-05
Zcchc5_pips	0.977262	0.0225127	0.000225262
Zcchc4_pips	0.494552	0.495059	0.0103892
Zcchc18_pips	0.990505	0.00940891	8.64102e-05
Zc3hav1_pips	0.29531	0.686309	0.0183818
Zc3h7a_pips	0.712929	0.282392	0.00467895
Zc3h6_pips	0.698575	0.296432	0.00499266
Zc3h12d_pips	0.998071	0.00191283	1.64783e-05
Zbtb8os_pips	0.813638	0.183681	0.00268182
Zbtb7c_pips	0.0113231	0.899312	0.0893648
Zbtb46_pips	0.953803	0.0456937	0.000503781
Zbtb4_pips	0.0473497	0.902644	0.0500065
Zbtb38_pips	0.918123	0.0808934	0.00098402
Zbtb37_pips	0.997155	0.00282031	2.44064e-05
Zbtb20_pips	0.315797	0.666855	0.0173479
Zbtb16_pips	0.94672	0.0526855	0.00059421
Zbed3_pips	0.180741	0.793253	0.0260063
Zan_pips	0.964312	0.0353137	0.000374711
Ypel4_pips	0.995199	0.00475914	4.19089e-05
Ypel1_pips	0.816973	0.180405	0.00262164
Yod1_pips	0.755341	0.240864	0.00379507
Xtrp3s1_pips	0.999838	0.000160888	1.60218e-06
Xpnpep2_pips	0.631847	0.361599	0.00655357
Xkrx_pips	0.995945	0.00401951	3.51474e-05
Xkr6_pips	0.987774	0.0121123	0.00011361
Xkr4_pips	0.999721	0.000276538	2.59853e-06
Xk_pips	0.975511	0.024244	0.00024477
Xirp1_pips	0.984628	0.0152258	0.00014595
Xdh_pips	0.311686	0.670765	0.0175499
Xcr1_pips	0.995262	0.00469641	4.13316e-05
Xcl1_pips	0.996566	0.00340475	2.96053e-05
Wwox_pips	0.225489	0.751962	0.0225484
Wscd1_pips	0.94088	0.0584493	0.000670712
Wnt9b_pips	0.968868	0.0308114	0.000320829
Wnt9a_pips	0.687795	0.306971	0.00523323
Wnt8b_pips	0.999493	0.000502133	4.50351e-06
Wnt8a_pips	0.961126	0.0384613	0.00041316
Wnt6_pips	0.78011	0.216582	0.00330787
Wnt5b_pips	0.959571	0.0399972	0.000432144
Wnt5a_pips	0.984972	0.0148854	0.000142365
Wnt4_pips	0.764434	0.231953	0.00361377
Wnt3a_pips	0.946577	0.0528274	0.000596073
Wnt2b_pips	0.991718	0.00820692	7.46085e-05
Wnt2_pips	0.950149	0.0493012	0.000550106
Wnt16_pips	0.863615	0.134564	0.00182032
Wnt11_pips	0.812801	0.184502	0.00269697
Wnt10b_pips	0.874837	0.123524	0.00163899
Wnt10a_pips	0.986096	0.0137735	0.000130738
Wnt1_pips	0.99104	0.00887914	8.11853e-05
Wnk4_pips	0.983261	0.0165791	0.000160314
Wnk2_pips	0.739296	0.256582	0.00412201
Wisp1_pips	0.843904	0.153946	0.00214971
Wipi1_pips	0.643985	0.349758	0.00625656
Wif1_pips	0.924644	0.0744643	0.000891882
Whrn_pips	0.755688	0.240524	0.0037881
Whdc1_pips	0.841112	0.15669	0.00219746
Wfikkn2_pips	0.871931	0.126384	0.00168551
Wfdc6a_pips	0.996973	0.00300138	2.60096e-05
Wfdc5_pips	0.894785	0.103887	0.00132812
Wfdc3_pips	0.955646	0.0438732	0.000480682
Wfdc15b_pips	0.936023	0.0632411	0.000735593
Wfdc12_pips	0.755064	0.241135	0.00380063
Wee2_pips	0.99952	0.000475975	4.28364e-06
Wdr86_pips	0.984575	0.0152786	0.000146507
Wdr78_pips	0.980846	0.018968	0.00018609
Wdr69_pips	0.999449	0.000546567	4.87673e-06
Wdr63_pips	0.999566	0.000430402	3.90022e-06
Wdr60_pips	0.298323	0.683451	0.0182253
Wdr5b_pips	0.929375	0.0697989	0.000826196
Wdr38_pips	0.846738	0.15116	0.00210151
Wdr27_pips	0.986999	0.0128799	0.000121488
Wdr22_pips	0.786961	0.209862	0.00317682
Wdr20b_pips	0.999307	0.000687107	6.05656e-06
Wdr19_pips	0.648761	0.345098	0.00614135
Wdr17_pips	0.998624	0.00136385	1.17719e-05
Wdr16_pips	0.998138	0.00184644	1.59055e-05
Wbscr28_pips	0.871589	0.12672	0.00169101
Was_pips	0.998666	0.00132305	1.14248e-05
Wars2_pips	0.240694	0.737768	0.0215375
Wap_pips	0.978505	0.0212832	0.000211555
Vwf_pips	0.988684	0.0112116	0.000104452
Vwc2_pips	0.998521	0.0014665	1.26467e-05
Vwa2_pips	0.997012	0.0029621	2.56613e-05
Vwa1_pips	0.850981	0.146989	0.00202987
Vtn_pips	0.993343	0.00659837	5.91264e-05
Vti1a_pips	0.174822	0.798645	0.0265324
Vtcn1_pips	0.962763	0.0368438	0.000393323
Vsx1_pips	0.971354	0.0283543	0.000292005
Vstm2_pips	0.999548	0.000447992	4.04828e-06
Vsnl1_pips	0.986529	0.0133447	0.000126288
Vsig8_pips	0.999186	0.00080661	7.06049e-06
Vsig2_pips	0.973929	0.0258086	0.000262601
Vsig1_pips	0.99859	0.00139837	1.20659e-05
Vps37d_pips	0.770827	0.225685	0.003488
Vps13c_pips	0.981159	0.0186585	0.000182721
Vpreb3_pips	0.676297	0.318208	0.00549463
Vpreb1_pips	0.930425	0.0687632	0.000811751
Vnn3_pips	0.42744	0.559897	0.0126636
Vnn1_pips	0.952717	0.0467651	0.000517464
Vldlr_pips	0.994205	0.00574443	5.10642e-05
Vit_pips	0.980364	0.0194451	0.0001913
Vipr2_pips	0.995143	0.00481449	4.24188e-05
Vipr1_pips	0.995753	0.00420996	3.68789e-05
Vip_pips	0.999249	0.000744265	6.53657e-06
Vil1_pips	0.999217	0.000776683	6.80895e-06
Vgll2_pips	0.991132	0.00878776	8.02877e-05
Vgll1_pips	0.993126	0.00681261	6.11667e-05
Vgf_pips	0.89845	0.100277	0.00127264
Vezt_pips	0.496474	0.493198	0.0103285
Veph1_pips	0.99611	0.0038568	3.36735e-05
Vdr_pips	0.862413	0.135747	0.00184002
Vcan_pips	0.974881	0.0248675	0.000251853
Vax1_pips	0.983478	0.0163638	0.000158017
Vav3_pips	0.996004	0.00396185	3.46245e-05
Vav1_pips	0.999006	0.000985902	8.57009e-06
Vash2_pips	0.909472	0.0894191	0.00110901
Vamp5_pips	0.886522	0.112023	0.00145508
Vamp1_pips	0.892411	0.106224	0.00136432
V2r16_pips	0.999612	0.00038439	3.51241e-06
V1rd9_pips	0.999043	0.000948441	8.25425e-06
V1rd6_pips	0.809513	0.18773	0.00275677
V1rd4_pips	0.999406	0.00058855	5.22922e-06
V1rd3_pips	0.998567	0.00142097	1.22585e-05
V1rc8$V1rc22_pips	0.999673	0.000324011	3.00189e-06
V1rc7_pips	0.999696	0.000301302	2.8092e-06
V1rc6_pips	0.999773	0.000224929	2.15705e-06
V1rc5_pips	0.999792	0.000205953	1.99364e-06
V1rc3_pips	0.999917	8.20004e-05	8.96727e-07
V1rc22_pips	0.999888	0.000110422	1.15523e-06
V1rc2_pips	0.999669	0.000327956	3.03531e-06
V1rc1_pips	0.998739	0.00125042	1.08078e-05
V1rb8_pips	0.999703	0.000294132	2.74827e-06
V1rb7_pips	0.999348	0.000646425	5.71503e-06
V1rb6_pips	0.91479	0.0841784	0.00103181
V1rb5_pips	0.999789	0.000208781	2.01803e-06
V1rb3_pips	0.999565	0.000431019	3.90541e-06
V1rb2_pips	0.999815	0.000183378	1.79822e-06
V1rb10_pips	0.999666	0.000330676	3.05835e-06
V1rb1_pips	0.999774	0.00022389	2.14812e-06
V1ra9_pips	0.997707	0.00227314	1.96043e-05
V1ra6_pips	0.996877	0.00309596	2.68497e-05
V1ra5_pips	0.999845	0.000153391	1.53648e-06
V1ra4$V1ra3_pips	0.999817	0.000180879	1.7765e-06
V1ra2_pips	0.99983	0.000168188	1.66598e-06
V1ra1_pips	0.999876	0.000123183	1.26942e-06
Uty_pips	0.99944	0.000555135	4.94869e-06
Uts2r_pips	0.98591	0.013957	0.000132648
Uts2_pips	0.997503	0.00247556	2.13732e-05
Usp9y_pips	0.995549	0.00441246	3.87273e-05
Usp53_pips	0.79123	0.205674	0.00309598
Usp50_pips	0.995382	0.00457807	4.02445e-05
Usp43_pips	0.981801	0.0180233	0.000175834
Usp29_pips	0.996709	0.0032627	2.83353e-05
Usp25_pips	0.0804511	0.879946	0.0396034
Usp20_pips	0.351662	0.63265	0.0156878
Usp13_pips	0.841135	0.156668	0.00219707
Ushbp1_pips	0.989285	0.0106167	9.84549e-05
Ush2a_pips	0.987762	0.0121239	0.000113729
Ush1c_pips	0.614813	0.378206	0.00698075
Uqcrq_pips	0.931018	0.0681785	0.000803619
Upp2_pips	0.998385	0.00160078	1.37947e-05
Upk3b_pips	0.987538	0.0123462	0.000116004
Upk3a_pips	0.906061	0.0927795	0.00115913
Upk1b_pips	0.926936	0.0722038	0.000859931
Upk1a_pips	0.778472	0.218189	0.00333944
Upb1_pips	0.985872	0.0139946	0.00013304
Uox_pips	0.948767	0.0506652	0.000567807
Uncx4.1_pips	0.998742	0.00124762	1.07841e-05
Unc5d_pips	0.999692	0.000305197	2.84228e-06
Unc5cl_pips	0.997773	0.0022083	1.90397e-05
Unc5c_pips	0.958108	0.0414422	0.000450136
Unc45b_pips	0.999616	0.000380762	3.48179e-06
Unc13d_pips	0.375055	0.610253	0.014692
Unc13c_pips	0.998699	0.00129025	1.11461e-05
Unc13a_pips	0.771061	0.225456	0.00348343
Umodl1_pips	0.999378	0.000616157	5.46096e-06
Umod_pips	0.999776	0.000221621	2.12861e-06
Ulk2_pips	0.239694	0.738704	0.0216019
Ugt3a2_pips	0.988547	0.0113476	0.000105829
Ugt2b5_pips	0.99982	0.000178466	1.75553e-06
Ugt2b38_pips	0.99872	0.00126932	1.09683e-05
Ugt2b37_pips	0.999783	0.000214954	2.07124e-06
Ugt2b36_pips	0.999405	0.000589348	5.23592e-06
Ugt2b35_pips	0.999668	0.000329426	3.04777e-06
Ugt2b34_pips	0.999515	0.000480226	4.31938e-06
Ugt2b1_pips	0.99931	0.000683475	6.02606e-06
Ugt2a3_pips	0.999792	0.000205746	1.99184e-06
Ugt2a1_pips	0.999526	0.000469444	4.22873e-06
Ugcgl2_pips	0.772471	0.224073	0.00345588
Ucp3_pips	0.72372	0.271832	0.00444802
Ucp1_pips	0.994034	0.0059129	5.26457e-05
Ucn3_pips	0.962945	0.0366636	0.000391125
Ucn_pips	0.960947	0.0386378	0.000415334
Uchl4$Uchl3_pips	0.99982	0.000178466	1.75553e-06
Ubxd3_pips	0.97924	0.020557	0.000203518
Ubqlnl_pips	0.941732	0.0576081	0.000659441
Ubqln3_pips	0.999847	0.000151616	1.52089e-06
Ubl4b_pips	0.99242	0.00751166	6.78713e-05
Ube2u_pips	0.992815	0.00712112	6.41168e-05
Ube2m_pips	0.558014	0.433487	0.00849887
Ube2l6_pips	0.998806	0.00118333	1.0239e-05
Ubd_pips	0.998911	0.00108003	9.36479e-06
Ubash3a_pips	0.979436	0.0203626	0.000201374
Tyrp1_pips	0.999328	0.000666274	5.88166e-06
Tyrobp_pips	0.988814	0.0110826	0.000103148
Tyr_pips	0.999473	0.000522565	4.67516e-06
Tyms_pips	0.988981	0.0109174	0.000101481
Tyki_pips	0.994027	0.00592049	5.2717e-05
Txnl6_pips	0.893362	0.105288	0.0013498
Txndc8_pips	0.951835	0.047636	0.000528633
Txndc3_pips	0.998661	0.00132774	1.14647e-05
Txndc2_pips	0.875353	0.123017	0.00163077
Txlnb_pips	0.945621	0.0537704	0.000608478
Txk_pips	0.998808	0.00118145	1.02231e-05
Tusc5_pips	0.985558	0.0143056	0.000136286
Tulp2_pips	0.998691	0.00129811	1.12128e-05
Tulp1_pips	0.882905	0.115584	0.00151147
Tubd1_pips	0.42204	0.565099	0.0128613
Tubb4_pips	0.470449	0.518381	0.0111697
Tubb1_pips	0.971778	0.0279348	0.000287127
Tuba8_pips	0.937322	0.0619595	0.00071813
Tub_pips	0.994182	0.00576706	5.12763e-05
Ttyh1$Taf1_pips	0.986382	0.01349	0.000127794
Ttn_pips	0.997489	0.00248965	2.14967e-05
Ttll9_pips	0.821272	0.176183	0.00254462
Ttll3_pips	0.985314	0.0145475	0.000138819
Ttll13_pips	0.972462	0.0272587	0.000279292
Ttll11_pips	0.927558	0.071591	0.000851309
Ttll10_pips	0.991539	0.00838455	7.63405e-05
Ttl_pips	0.751426	0.2447	0.00387401
Ttc9b_pips	0.934604	0.0646412	0.000754764
Ttc9_pips	0.870923	0.127375	0.00170172
Ttc7_pips	0.566426	0.42531	0.00826441
Ttc29_pips	0.999719	0.000278713	2.61706e-06
Ttc25_pips	0.995007	0.00494923	4.36624e-05
Ttc23_pips	0.053328	0.899141	0.0475309
Ttc22_pips	0.783904	0.212861	0.0032351
Ttc21a_pips	0.930109	0.069075	0.000816094
Ttc17_pips	0.116233	0.850594	0.0331728
Ttc16_pips	0.99123	0.00869105	7.93391e-05
Tsx_pips	0.995851	0.00411265	3.59934e-05
Tssk6_pips	0.984821	0.0150355	0.000143945
Tssk5_pips	0.691048	0.303792	0.00516019
Tssk4_pips	0.997684	0.00229617	1.98052e-05
Tssk3_pips	0.995057	0.00489945	4.32026e-05
Tssk2_pips	0.99754	0.00243924	2.10552e-05
Tssk1_pips	0.931686	0.0675197	0.000794475
Tspyl5_pips	0.997325	0.00265223	2.29244e-05
Tspyl3_pips	0.997855	0.00212642	1.8328e-05
Tspan8_pips	0.21469	0.761999	0.0233109
Tspan33_pips	0.931614	0.0675908	0.00079546
Tspan11_pips	0.990677	0.00923838	8.47244e-05
Tspan10_pips	0.950607	0.0488487	0.000544255
Tspan1_pips	0.2207	0.756418	0.0228817
Tsnaxip1_pips	0.989192	0.0107087	9.93793e-05
Tsku_pips	0.530243	0.460458	0.00929863
Tshz3_pips	0.785932	0.210872	0.0031964
Tshz2_pips	0.966847	0.0328087	0.000344566
Tshr_pips	0.999162	0.000830858	7.26437e-06
Tshb_pips	0.991047	0.00887228	8.11178e-05
Tsga13_pips	0.999047	0.000944767	8.2233e-06
Tsga10_pips	0.791565	0.205346	0.00308966
Tsc22d3_pips	0.473834	0.515108	0.0110578
Trpv6_pips	0.893632	0.105022	0.00134567
Trpv4_pips	0.112452	0.853818	0.0337305
Trpv2_pips	0.967809	0.031858	0.000333233
Trpv1_pips	0.999153	0.000840003	7.34129e-06
Trpm8_pips	0.999772	0.000225576	2.16261e-06
Trpm6_pips	0.92294	0.0761441	0.000915777
Trpm5_pips	0.990647	0.00926766	8.50136e-05
Trpm3_pips	0.999446	0.000549593	4.90215e-06
Trpm2_pips	0.74551	0.250496	0.00399432
Trpm1_pips	0.98998	0.00992835	9.1568e-05
Trpd52l3_pips	0.891456	0.107165	0.00137895
Trpc6_pips	0.999823	0.000175711	1.73156e-06
Trpc5_pips	0.999568	0.000427632	3.87689e-06
Trpc4_pips	0.975404	0.0243498	0.00024597
Trpc3_pips	0.979927	0.0198768	0.000196031
Trpc1_pips	0.541144	0.449876	0.00897986
Trpa1_pips	0.96842	0.0312543	0.000326068
Trp73_pips	0.936048	0.0632164	0.000735256
Trp63_pips	0.991393	0.0085292	7.7754e-05
Trmt12_pips	0.995334	0.00462533	4.06784e-05
Trim9_pips	0.99366	0.0062838	5.61433e-05
Trim75_pips	0.999624	0.000372253	3.40996e-06
Trim7_pips	0.089968	0.872439	0.0375929
Trim69_pips	0.99821	0.00177511	1.52912e-05
Trim68_pips	0.282567	0.698371	0.0190616
Trim66_pips	0.999267	0.000726383	6.38637e-06
Trim65_pips	0.354385	0.630046	0.0155687
Trim63_pips	0.9992	0.000793017	6.94622e-06
Trim62_pips	0.932961	0.0662622	0.000777078
Trim60$Trim60_pips	0.871838	0.126475	0.001687
Trim60_pips	0.873494	0.124845	0.00166045
Trim47_pips	0.00171673	0.812985	0.185298
Trim46_pips	0.456131	0.532217	0.0116519
Trim42_pips	0.998692	0.00129674	1.12012e-05
Trim40_pips	0.000393121	0.690179	0.309428
Trim31_pips	0.980584	0.019227	0.000188916
Trim30$AI451617_pips	0.798784	0.198261	0.00295444
Trim29_pips	0.922603	0.0764766	0.000920522
Trim16_pips	0.0233243	0.909718	0.066958
Trim14_pips	0.999626	0.000370795	3.39765e-06
Trim10_pips	0.989824	0.0100826	9.31058e-05
Trib2_pips	0.341831	0.642044	0.0161258
Trib1_pips	0.387712	0.59811	0.014178
Trhr2_pips	0.866435	0.13179	0.00177432
Trhr_pips	0.999708	0.00028915	2.70591e-06
Trhde_pips	0.999848	0.000150617	1.51211e-06
Trex2_pips	0.761164	0.235158	0.00367864
Treml4_pips	0.9997	0.000297611	2.77784e-06
Treml2$LOC100047904_pips	0.995919	0.00404583	3.53863e-05
Treml1_pips	0.740114	0.255781	0.00410511
Trem3_pips	0.975552	0.0242036	0.000244312
Trem1_pips	0.990069	0.00984002	9.06886e-05
Treh_pips	0.99867	0.00131882	1.13888e-05
Trat1_pips	0.998432	0.00155458	1.33993e-05
Traf6_pips	0.746441	0.249584	0.00397531
Traf5_pips	0.98836	0.0115318	0.000107697
Traf3ip3_pips	0.989137	0.0107634	9.99294e-05
Traf1_pips	0.946602	0.052802	0.000595739
Tpte_pips	0.751613	0.244517	0.00387024
Tpsg1_pips	0.922315	0.07676	0.000924569
Tpsb2_pips	0.985564	0.0142996	0.000136224
Tpsab1_pips	0.987558	0.0123262	0.000115799
Tppp_pips	0.999748	0.000249679	2.36924e-06
Tpo_pips	0.916354	0.0826371	0.00100933
Tph1_pips	0.983265	0.0165752	0.000160272
Tpcn2_pips	0.459562	0.528903	0.0115351
Tpbpb_pips	0.999557	0.000438731	3.97034e-06
Tpbpa_pips	0.999457	0.000537813	4.80323e-06
Tpbg_pips	0.0300345	0.909543	0.0604224
Tox3_pips	0.00245663	0.835576	0.161967
Tox2_pips	0.983095	0.0167425	0.00016206
Tor3a$LOC100047963_pips	0.892194	0.106438	0.00136765
Tnxb_pips	0.963197	0.0364149	0.000388091
Tns4_pips	0.920407	0.0786414	0.000951535
Tnrc4_pips	0.626775	0.366546	0.00667949
Tnp1_pips	0.998851	0.0011388	9.86191e-06
Tnnt3_pips	0.997095	0.00288029	2.49367e-05
Tnnt2_pips	0.96501	0.0346236	0.000366365
Tnni3k_pips	0.988584	0.0113108	0.000105456
Tnni3_pips	0.879958	0.118484	0.00155777
Tnni2_pips	0.985874	0.0139934	0.000133028
Tnni1_pips	0.402647	0.583761	0.0135919
Tnnc2_pips	0.994296	0.00565417	5.02188e-05
Tnnc1_pips	0.66138	0.332779	0.0058413
Tnn_pips	0.384654	0.601045	0.0143006
Tnmd_pips	0.997207	0.0027692	2.39551e-05
Tnk1_pips	0.962069	0.0375289	0.000401705
Tnfsf8_pips	0.985908	0.0139598	0.000132677
Tnfsf4_pips	0.984119	0.0157297	0.000151277
Tnfsf14_pips	0.995193	0.00476483	4.19613e-05
Tnfsf13b_pips	0.996301	0.00366751	3.19652e-05
Tnfsf11_pips	0.327888	0.655343	0.0167684
Tnfsf10_pips	0.991158	0.00876157	8.00307e-05
Tnfrsf9_pips	0.960076	0.0394976	0.000425953
Tnfrsf8_pips	0.950263	0.0491888	0.000548651
Tnfrsf25_pips	0.976477	0.0232887	0.000233976
Tnfrsf19_pips	0.97889	0.0209023	0.000207334
Tnfrsf18_pips	0.9689	0.0307791	0.000320447
Tnfrsf17_pips	0.993577	0.0063664	5.69252e-05
Tnfrsf14_pips	0.970949	0.0287544	0.00029667
Tnfrsf13c_pips	0.96543	0.0342084	0.000361358
Tnfrsf13b_pips	0.999088	0.000903691	7.87728e-06
Tnfrsf11b_pips	0.9924	0.0075315	6.80626e-05
Tnfrsf11a_pips	0.95385	0.0456465	0.00050318
Tnfrsf10b_pips	0.289266	0.692033	0.0187005
Tnfaip8l2_pips	0.969265	0.0304191	0.000316198
Tnfaip3_pips	0.746843	0.24919	0.0039671
Tnf_pips	0.724606	0.270965	0.00442924
Tmub1_pips	0.246152	0.732657	0.0211907
Tmtc2_pips	0.730862	0.264841	0.00429747
Tmtc1_pips	0.997197	0.00277913	2.40428e-05
Tmprss4_pips	0.547769	0.443442	0.00878922
Tmprss3_pips	0.95896	0.0406007	0.000439644
Tmprss2_pips	0.98582	0.0140461	0.000133576
Tmprss13_pips	0.994374	0.00557645	4.94919e-05
Tmprss11f_pips	0.999806	0.000192089	1.87377e-06
Tmprss11e_pips	0.999416	0.000578696	5.14649e-06
Tmprss11d_pips	0.999791	0.000207397	2.0061e-06
Tmprss11a_pips	0.999705	0.00029261	2.73533e-06
Tmod4_pips	0.995498	0.00446278	3.91877e-05
Tmod2$LOC100048637_pips	0.983365	0.0164755	0.000159208
Tmigd1_pips	0.74226	0.253679	0.00406094
Tmie_pips	0.950674	0.0487829	0.000543405
Tmhs_pips	0.996692	0.00327963	2.84865e-05
Tmem91_pips	0.990186	0.00972437	8.95385e-05
Tmem90a_pips	0.939769	0.0595456	0.000685455
Tmem86b_pips	0.996813	0.00315934	2.74137e-05
Tmem82_pips	0.983289	0.0165513	0.000160017
Tmem80_pips	0.263678	0.716194	0.0201286
Tmem74_pips	0.997552	0.0024274	2.09515e-05
Tmem71_pips	0.718148	0.277285	0.00456673
Tmem67_pips	0.989695	0.0102104	9.4383e-05
Tmem63c_pips	0.985387	0.0144751	0.00013806
Tmem62_pips	0.11985	0.847491	0.0326591
Tmem59_pips	0.999778	0.000219664	2.11178e-06
Tmem56_pips	0.999094	0.000898336	7.83219e-06
Tmem54_pips	0.997047	0.00292811	2.53601e-05
Tmem53_pips	0.161909	0.810339	0.0277521
Tmem46_pips	0.552306	0.439034	0.00865996
Tmem45b_pips	0.00389034	0.860295	0.135815
Tmem44_pips	0.958291	0.0412616	0.00044788
Tmem38a_pips	0.887119	0.111435	0.00144582
Tmem35_pips	0.874953	0.12341	0.00163714
Tmem28_pips	0.998924	0.00106663	9.25159e-06
Tmem27_pips	0.999906	9.27233e-05	9.95045e-07
Tmem26_pips	0.999601	0.000395292	3.60437e-06
Tmem25_pips	0.947162	0.0522491	0.000588488
Tmem184a_pips	0.013169	0.902662	0.0841685
Tmem182_pips	0.99883	0.0011602	1.0043e-05
Tmem178_pips	0.999096	0.000895852	7.81126e-06
Tmem174_pips	0.998151	0.00183354	1.57944e-05
Tmem17_pips	0.93703	0.062248	0.000722053
Tmem16d_pips	0.0107353	0.897994	0.0912709
Tmem16c_pips	0.851726	0.146257	0.00201736
Tmem16a_pips	9.72925e-05	0.540411	0.459492
Tmem169_pips	0.997785	0.00219628	1.89351e-05
Tmem166_pips	0.999468	0.00052685	4.71115e-06
Tmem162_pips	0.98741	0.0124723	0.000117297
Tmem154_pips	0.996774	0.00319783	2.77567e-05
Tmem144_pips	0.198708	0.776774	0.0245177
Tmem143$2900057H02Rik_pips	0.505934	0.484033	0.0100333
Tmem142b_pips	0.780283	0.216413	0.00330454
Tmem140_pips	0.975192	0.0245601	0.000248358
Tmem139_pips	0.890698	0.107912	0.00139059
Tmem132e_pips	0.993012	0.00692597	6.22491e-05
Tmem130_pips	0.997772	0.00220893	1.90452e-05
Tmem125_pips	0.582474	0.4097	0.00782668
Tmem119_pips	0.734781	0.261003	0.00421561
Tmem118_pips	0.934575	0.0646694	0.000755152
Tmem117_pips	0.760397	0.235909	0.00369391
Tmem116_pips	0.889391	0.109199	0.00141071
Tmem112_pips	0.630489	0.362924	0.00658718
Tmem108$LOC100045503_pips	0.984696	0.0151592	0.000145247
Tmem104_pips	0.996357	0.00361129	3.14591e-05
Tmem103_pips	0.577426	0.414611	0.00796303
Tmem100_pips	0.998211	0.00177377	1.52797e-05
Tmem10_pips	0.97513	0.0246208	0.000249047
Tmeff2_pips	0.982121	0.0177064	0.000172412
Tmco5_pips	0.998895	0.0010956	9.4964e-06
Tmco4_pips	0.65105	0.342863	0.00608644
Tmco3_pips	0.312719	0.669782	0.0174989
Tmcc2_pips	0.865857	0.132359	0.00178373
Tmc7_pips	0.514585	0.475647	0.00976795
Tmc5_pips	0.990427	0.00948567	8.71703e-05
Tmc2_pips	0.99384	0.00610547	5.44589e-05
Tmc1_pips	0.996629	0.00334168	2.90409e-05
Tm7sf4_pips	0.984017	0.0158302	0.000152343
Tm6sf2_pips	0.991882	0.00804451	7.30287e-05
Tm4sf4_pips	0.848732	0.1492	0.00206777
Tm4sf20_pips	0.998597	0.00139117	1.20046e-05
Tlx3_pips	0.365262	0.619637	0.0151013
Tlx1_pips	0.872379	0.125943	0.00167832
Tlr8_pips	0.913942	0.0850144	0.00104404
Tlr7_pips	0.994012	0.00593532	5.28565e-05
Tlr6_pips	0.898065	0.100656	0.00127844
Tlr5_pips	0.904119	0.0946934	0.00118788
Tlr4_pips	0.992672	0.00726241	6.54726e-05
Tlr3_pips	0.982733	0.0171016	0.000165906
Tlr2_pips	0.519052	0.471315	0.00963265
Tlr13_pips	0.991032	0.00888668	8.12594e-05
Tlr12_pips	0.845559	0.15232	0.00212154
Tlr1_pips	0.999309	0.000685101	6.03972e-06
Tlm_pips	0.994335	0.00561516	4.98538e-05
Tll2_pips	0.998421	0.00156594	1.34965e-05
Tll1_pips	0.98603	0.0138388	0.000131417
Tle2_pips	0.896562	0.102137	0.00130116
Tktl2_pips	0.996162	0.00380484	3.32038e-05
Tktl1_pips	0.996455	0.00351483	3.05923e-05
Titf1_pips	0.97979	0.0200127	0.000197523
Tinag_pips	0.99793	0.00205191	1.76815e-05
Timp4_pips	0.969331	0.0303534	0.000315424
Timd4_pips	0.997766	0.00221532	1.91008e-05
Timd2_pips	0.975607	0.0241488	0.000243691
Tigd5_pips	0.869876	0.128405	0.00171859
Tie1_pips	0.995385	0.00457455	4.02122e-05
Tiam2_pips	0.92806	0.071096	0.000844357
Tiaf2_pips	0.860302	0.137824	0.00187473
Thsd7b_pips	0.970345	0.0293515	0.000303652
Thsd4_pips	0.21594	0.76084	0.0232206
Thsd1_pips	0.898919	0.0998158	0.00126559
Thrsp_pips	0.878078	0.120334	0.00158747
Thrb_pips	0.986607	0.0132671	0.000125486
Thpo_pips	0.693118	0.301768	0.00511389
Them5_pips	0.0164247	0.906496	0.0770796
Them4_pips	0.0403607	0.906157	0.053482
Theg_pips	0.973968	0.0257696	0.000262154
Thbs4_pips	0.990006	0.00990273	9.13129e-05
Thbs3_pips	0.0139343	0.903766	0.0822994
Thbs2_pips	0.661662	0.332504	0.00583466
Thap2_pips	0.14389	0.82646	0.0296505
Tha1_pips	0.025079	0.909899	0.0650221
Th_pips	0.964312	0.0353137	0.000374711
Tgm6_pips	0.983049	0.0167885	0.000162552
Tgm5_pips	0.954488	0.0450164	0.000495165
Tgifx1_pips	0.999516	0.000479457	4.31292e-06
Tgfbi_pips	0.974903	0.024845	0.000251597
Tgfb3_pips	0.902048	0.096733	0.0012187
Tgfb2_pips	0.940105	0.0592137	0.000680985
Tgfa_pips	0.0228395	0.909632	0.0675282
Tg_pips	0.971523	0.0281867	0.000290055
Tfpi2_pips	0.997221	0.00275505	2.38303e-05
Tff3_pips	0.97004	0.0296525	0.000307181
Tff2_pips	0.830243	0.167371	0.00238598
Tex24_pips	0.999347	0.000647394	5.72317e-06
Tex22_pips	0.994866	0.00508917	4.49573e-05
Tex18_pips	0.999745	0.00025221	2.39089e-06
Tex16_pips	0.999266	0.000727655	6.39707e-06
Tex13_pips	0.997818	0.00216317	1.86471e-05
Tex101_pips	0.995687	0.00427508	3.74725e-05
Tessp2_pips	0.973767	0.0259681	0.000264429
Tesp2_pips	0.985978	0.01389	0.000131951
Tesp1_pips	0.980703	0.0191089	0.000187627
Tert_pips	0.792788	0.204145	0.00306663
Tenc1_pips	0.0994244	0.864736	0.0358395
Tekt5_pips	0.990245	0.00966593	8.89582e-05
Tekt4_pips	0.925666	0.0734565	0.000877609
Tekt3_pips	0.986005	0.0138632	0.000131671
Tekt2_pips	0.996349	0.00361962	3.15341e-05
Tekt1_pips	0.956915	0.0426205	0.000464899
Tectb_pips	0.997447	0.0025307	2.18566e-05
Tecta_pips	0.961287	0.0383017	0.000411196
Tec_pips	0.830736	0.166886	0.00237733
Tdrd7_pips	0.351796	0.632523	0.015682
Tdrd1_pips	0.997381	0.0025968	2.24371e-05
Tdpoz1_pips	0.999064	0.00092831	8.08463e-06
Tdo2_pips	0.999	0.000990988	8.61299e-06
Tctex1d1_pips	0.999798	0.000200131	1.94335e-06
Tcte2_pips	0.999202	0.000791512	6.93356e-06
Tcte1_pips	0.993899	0.00604696	5.39073e-05
Tcstv3_pips	0.999759	0.00023835	2.27223e-06
Tcl1b4_pips	0.650074	0.343816	0.00610982
Tchhl1_pips	0.998675	0.00131394	1.13474e-05
Tcfec_pips	0.999538	0.000457843	4.13116e-06
Tcfap2e_pips	0.997923	0.00205922	1.77448e-05
Tcfap2d_pips	0.995811	0.00415313	3.63615e-05
Tcfap2b_pips	0.998654	0.0013342	1.15196e-05
Tcfap2a$Hrc_pips	0.00568488	0.877118	0.117197
Tcf7l2_pips	0.210036	0.766312	0.0236521
Tcf23_pips	0.991193	0.00872766	7.9698e-05
Tcf21_pips	0.993499	0.00644318	5.76529e-05
Tcf2_pips	0.969839	0.0298516	0.000309519
Tcf1_pips	0.985892	0.0139755	0.000132841
Tcerg1l_pips	0.940304	0.0590174	0.000678344
Tceal3_pips	0.912559	0.0863772	0.00106405
Tcba1_pips	0.999869	0.000129587	1.32638e-06
Tcap_pips	0.894231	0.104433	0.00133655
Tcam1_pips	0.942558	0.0567934	0.000648558
Tbxas1_pips	0.903041	0.0957554	0.0012039
Tbx6_pips	0.986429	0.013444	0.000127318
Tbx5_pips	0.947177	0.0522345	0.000588298
Tbx4_pips	0.763953	0.232424	0.00362329
Tbx22_pips	0.999548	0.000448012	4.04844e-06
Tbx21_pips	0.998181	0.00180361	1.55365e-05
Tbx20_pips	0.987287	0.0125947	0.000118553
Tbx2_pips	0.968972	0.0307085	0.000319613
Tbx19_pips	0.893509	0.105143	0.00134756
Tbx18_pips	0.0913643	0.871316	0.0373201
Tbr1_pips	0.999789	0.000209126	2.021e-06
Tbc1d9_pips	0.871469	0.126838	0.00169294
Tbc1d8b_pips	0.2782	0.702498	0.0193018
Tbc1d5_pips	0.251834	0.727328	0.0208381
Tbc1d4_pips	0.241172	0.737322	0.0215068
Tbc1d21_pips	0.999549	0.000447203	4.04164e-06
Tbc1d14$LOC100044325_pips	0.465114	0.523538	0.0113477
Tbc1d10c_pips	0.939812	0.0595028	0.000684879
Tbc1d1$LOC100046817_pips	0.906022	0.0928184	0.00115971
Tat_pips	0.975294	0.0244588	0.000247207
Tas2r119_pips	0.994046	0.00590146	5.25382e-05
Tas2r108_pips	0.943362	0.0559999	0.000637992
Tas2r105_pips	0.999764	0.000233539	2.23098e-06
Tas1r2_pips	0.715057	0.28031	0.00463308
Tas1r1_pips	0.901235	0.097534	0.00123084
Tapbpl_pips	0.829233	0.168363	0.00240369
Tap2_pips	0.502859	0.487012	0.0101286
Tap1_pips	0.410172	0.576524	0.0133044
Tanc2_pips	0.0951046	0.868281	0.0366139
Tal2_pips	0.997383	0.00259444	2.24163e-05
Tal1_pips	0.997854	0.00212759	1.8338e-05
Tagln3_pips	0.976148	0.0236144	0.000237648
Taf15_pips	0.956251	0.0432757	0.000473142
Tada1l_pips	0.102717	0.862007	0.0352763
Tacstd2_pips	0.99793	0.00205209	1.76831e-05
Tacr3_pips	0.982834	0.017001	0.000164828
Tacr1_pips	0.924021	0.0750784	0.000900603
Tac4_pips	0.998804	0.00118551	1.02575e-05
Tac2_pips	8.0748e-05	0.519378	0.480542
Tac1_pips	0.986248	0.0136226	0.00012917
Taar1_pips	0.995553	0.00440828	3.86891e-05
T2bp_pips	0.870255	0.128033	0.00171249
T_pips	0.9979	0.00208198	1.79422e-05
Sytl4_pips	0.973464	0.0262684	0.000267876
Sytl2_pips	0.975491	0.0242642	0.000244999
Syt7_pips	0.925817	0.0733072	0.000875497
Syt6_pips	0.993993	0.0059535	5.30274e-05
Syt4_pips	0.996408	0.00356119	3.10086e-05
Syt3_pips	0.841444	0.156364	0.00219178
Syt2_pips	0.9883	0.011592	0.000108309
Syt17_pips	0.881001	0.117458	0.00154135
Syt16_pips	0.999177	0.000815993	7.13937e-06
Syt13_pips	0.988965	0.0109335	0.000101643
Syt12_pips	0.767596	0.228852	0.00355137
Syt10_pips	0.993363	0.00657844	5.8937e-05
Syt1_pips	0.985992	0.0138766	0.000131811
Sypl2_pips	0.928776	0.0703893	0.000834452
Syp_pips	0.916717	0.0822786	0.00100411
Synpr_pips	0.99973	0.000267298	2.51975e-06
Synpo2l_pips	0.999839	0.000159594	1.59086e-06
Synj2_pips	0.184	0.790276	0.0257246
Syngr4_pips	0.871718	0.126593	0.00168893
Syngr3_pips	0.908581	0.0902966	0.00112205
Syne2_pips	0.980673	0.019139	0.000187956
Syne1_pips	0.658119	0.335963	0.00591823
Sync_pips	0.970037	0.0296554	0.000307214
Syn3_pips	0.979142	0.0206535	0.000204584
Syn2_pips	0.996387	0.00358211	3.11967e-05
Sycp2_pips	0.999693	0.000304523	2.83656e-06
Sycn_pips	0.925345	0.0737728	0.000882083
Svs7_pips	0.9997	0.000297496	2.77686e-06
Svs6_pips	0.999667	0.000329533	3.04867e-06
Svs5_pips	0.964423	0.035204	0.000373382
Svs4_pips	0.999855	0.000143088	1.44584e-06
Svs3a_pips	0.997722	0.00225825	1.94746e-05
Svs2_pips	0.999795	0.000203467	1.97217e-06
Svop_pips	0.965074	0.0345603	0.000365602
Svep1_pips	0.936745	0.0625286	0.000725875
Sval2_pips	0.999788	0.000209652	2.02554e-06
Sval1_pips	0.999839	0.000159897	1.59351e-06
Sva_pips	0.999227	0.00076672	6.72523e-06
Sv2b_pips	0.991754	0.00817166	7.42652e-05
Susd3_pips	0.951043	0.048418	0.000538698
Sumo3_pips	0.998048	0.00193498	1.66697e-05
Sult3a1_pips	0.999767	0.00023097	2.20894e-06
Sult2b1_pips	0.893073	0.105573	0.00135422
Sult1e1_pips	0.999132	0.000860609	7.51464e-06
Sult1d1_pips	0.999662	0.000334968	3.0947e-06
Sult1c2_pips	0.98552	0.0143431	0.000136678
Sult1b1_pips	0.999785	0.000212753	2.05228e-06
Sult1a1_pips	0.992553	0.00738037	6.66066e-05
Sucnr1_pips	0.999717	0.000279983	2.62788e-06
Styxl1_pips	0.967607	0.0320575	0.000335607
Styk1_pips	0.939393	0.0599162	0.000690452
Stxbp6_pips	0.997805	0.00217606	1.87592e-05
Stxbp5_pips	0.609447	0.383435	0.00711789
Stxbp4_pips	0.546525	0.44465	0.00882483
Stx1b1_pips	0.994123	0.0058247	5.18172e-05
Stx1a_pips	0.466012	0.52267	0.0113176
Stx19_pips	0.99699	0.00298451	2.586e-05
Strm_pips	0.997404	0.00257416	2.22381e-05
Strc_pips	0.96816	0.0315106	0.000329107
Stra6_pips	0.925646	0.0734761	0.000877886
Stox2_pips	0.833631	0.164042	0.00232677
Ston2_pips	0.776669	0.219957	0.0033743
Stoml3_pips	0.990946	0.0089716	8.20945e-05
Stmn4_pips	0.937007	0.0622704	0.000722359
Stk39_pips	0.946464	0.0529382	0.000597528
Stk36_pips	0.850432	0.147529	0.00203912
Stk32c_pips	0.982622	0.017211	0.00016708
Stk32b_pips	0.982072	0.0177547	0.000172933
Stk32a_pips	0.946236	0.0531631	0.000600484
Stk22s1_pips	0.894424	0.104242	0.00133361
Stfa3_pips	0.999517	0.000478709	4.30663e-06
Stfa2l1_pips	0.999833	0.000165339	1.6411e-06
Steap4_pips	0.959963	0.0396094	0.000427337
Stc1_pips	0.912958	0.0859838	0.00105827
Stbd1_pips	0.472279	0.516612	0.0111091
Stat5a_pips	0.0980394	0.865877	0.0360833
Stat2_pips	0.826369	0.171177	0.00245415
Stard7_pips	0.908741	0.0901397	0.00111972
Stard6_pips	0.377594	0.607819	0.0145875
Stard5_pips	0.523659	0.466847	0.0094943
Stard13_pips	0.300081	0.681784	0.0181348
Star_pips	0.938175	0.0611181	0.000706707
Stac3_pips	0.940322	0.0589998	0.000678108
Stac_pips	0.784335	0.212438	0.00322685
Stab2_pips	0.962779	0.0368276	0.000393126
Stab1_pips	0.888676	0.109902	0.00142174
St8sia6_pips	0.999293	0.000700955	6.17284e-06
St8sia5_pips	0.951564	0.0479037	0.000532075
St8sia4_pips	0.938033	0.0612586	0.000708613
St8sia3_pips	0.946509	0.0528941	0.000596949
St8sia2_pips	0.316698	0.665998	0.017304
St7_pips	0.0381183	0.907111	0.0547709
St6galnac5_pips	0.998292	0.00169384	1.45927e-05
St6galnac3_pips	0.997506	0.00247288	2.13498e-05
St6galnac2_pips	0.986258	0.013613	0.00012907
St6galnac1_pips	0.999679	0.000317671	2.94814e-06
St6gal2_pips	0.999722	0.000275074	2.58606e-06
St3gal6_pips	1.42738e-05	0.333306	0.666679
St3gal1_pips	0.972547	0.0271744	0.000278318
St18_pips	0.999358	0.000636448	5.63129e-06
Sstr5_pips	0.907094	0.0917623	0.0011439
Sstr4_pips	0.978796	0.020996	0.000208372
Sstr3_pips	0.976383	0.0233822	0.00023503
Sstr2_pips	0.987196	0.0126845	0.000119477
Sstr1_pips	0.99885	0.00113974	9.86986e-06
Sst_pips	0.54904	0.442207	0.0087529
Sspo_pips	0.669061	0.325278	0.00566173
Sspn_pips	0.352859	0.631505	0.0156353
Ssh3_pips	0.0370196	0.907541	0.0554398
Ssbp2_pips	0.00936399	0.8943	0.0963358
Sry_pips	0.999489	0.000506218	4.53783e-06
Srrp_pips	0.999865	0.000133711	1.36296e-06
Srr_pips	0.852742	0.145258	0.00200034
Srpx2_pips	0.977296	0.0224788	0.000224882
Srpx_pips	0.996228	0.00373946	3.26137e-05
Srpk3_pips	0.998132	0.001852	1.59535e-05
Srms_pips	0.710819	0.284457	0.0047246
Srgap3_pips	0.921804	0.0772645	0.000931785
Srgap1_pips	0.992242	0.00768862	6.95796e-05
Srd5a2l2_pips	0.999654	0.000342692	3.16008e-06
Srd5a2_pips	0.934886	0.0643634	0.000750954
Spz1_pips	0.998496	0.00149116	1.28573e-05
Spty2d1_pips	0.630103	0.363301	0.00659675
Sptlc3_pips	0.989106	0.0107934	0.000100231
Spt2_pips	0.999806	0.000192089	1.87377e-06
Spt1_pips	0.99982	0.000178091	1.75227e-06
Spsb4_pips	0.946985	0.0524245	0.000590788
Spry3_pips	0.998549	0.00143846	1.24076e-05
Sprr3_pips	0.872916	0.125414	0.00166971
Sprr2i_pips	0.994397	0.00555384	4.92806e-05
Sprr2f_pips	0.999353	0.000641406	5.6729e-06
Sprr2d_pips	0.463776	0.524832	0.0113927
Sprr1b_pips	0.995694	0.00426844	3.74119e-05
Sprr1a_pips	0.0282908	0.909794	0.0619156
Sprn_pips	0.996965	0.00300906	2.60777e-05
Spred3_pips	0.587365	0.404939	0.00769569
Spp2_pips	0.998452	0.00153471	1.32294e-05
Spon2_pips	0.690857	0.303978	0.00516446
Spon1_pips	0.99592	0.00404423	3.53717e-05
Spock3_pips	0.999909	8.95482e-05	9.66045e-07
Spock1_pips	0.993734	0.0062104	5.54494e-05
Spo11_pips	0.989742	0.0101639	9.39179e-05
Spnb1_pips	0.568207	0.423578	0.00821521
Spn_pips	0.775317	0.221283	0.0034005
Spint4_pips	0.990745	0.00917119	8.40612e-05
Spinlw1_pips	0.967753	0.0319133	0.00033389
Spink8_pips	0.99085	0.00906684	8.30324e-05
Spink5_pips	0.999541	0.000455087	4.10797e-06
Spink4_pips	0.9494	0.0500403	0.000559685
Spink2_pips	0.828797	0.168792	0.00241136
Spink12_pips	0.995483	0.00447788	3.9326e-05
Spink10_pips	0.994685	0.0052683	4.66196e-05
Spib_pips	0.989233	0.0106684	9.89738e-05
Sphk1_pips	0.921389	0.077673	0.000937636
Spg3a_pips	0.957628	0.0419159	0.000456061
Spert_pips	0.918469	0.0805518	0.000979079
Spem1_pips	0.796268	0.200731	0.00300137
Speg_pips	0.910823	0.0880882	0.00108929
Spef1_pips	0.968205	0.0314667	0.000328587
Speer4b$EG664804_pips	0.999811	0.000187402	1.83314e-06
Spdyb_pips	0.926225	0.0729055	0.000869824
Spdef_pips	0.927847	0.0713056	0.000847299
Spatc1_pips	0.997468	0.00251007	2.16757e-05
Spata9_pips	0.841908	0.155908	0.00218383
Spata4_pips	0.999041	0.000950958	8.27547e-06
Spata3_pips	0.93073	0.0684622	0.000807562
Spata2L_pips	0.763696	0.232676	0.00362837
Spata19_pips	0.999292	0.000701755	6.17956e-06
Spata17_pips	0.98024	0.0195672	0.000192637
Spata16_pips	0.990289	0.0096222	8.85241e-05
Spata1_pips	0.975424	0.0243305	0.000245751
Sparcl1_pips	0.997496	0.00248264	2.14353e-05
Spam1_pips	0.999745	0.000252146	2.39034e-06
Spag8_pips	0.859205	0.138903	0.00189283
Spag6_pips	0.990776	0.00914012	8.37546e-05
Spag16_pips	0.997311	0.00266624	2.30477e-05
Spag1_pips	0.930866	0.0683281	0.000805698
Spaca4_pips	0.756512	0.239717	0.00377156
Spaca3_pips	0.950953	0.048507	0.000539845
Spaca1_pips	0.99919	0.000803006	7.03019e-06
Spa17_pips	0.705344	0.289812	0.00484378
Sp8_pips	0.999448	0.00054751	4.88466e-06
Sp7_pips	0.712453	0.282858	0.00468922
Sp6_pips	0.26266	0.717152	0.0201883
Sp5_pips	0.945452	0.0539377	0.000610684
Sp4_pips	0.943283	0.0560776	0.000639026
Sp100_pips	0.980101	0.0197052	0.000194148
Sox9_pips	0.973281	0.026449	0.000269953
Sox8_pips	0.998724	0.00126503	1.09319e-05
Sox7_pips	0.995172	0.00478552	4.21518e-05
Sox6_pips	0.987152	0.0127283	0.000119926
Sox5_pips	0.967569	0.032095	0.000336053
Sox30_pips	0.999805	0.000193488	1.88588e-06
Sox18_pips	0.96954	0.0301471	0.000312994
Sox17_pips	0.925961	0.0731652	0.00087349
Sox1_pips	0.987195	0.0126852	0.000119483
Sostdc1_pips	0.993435	0.00650632	5.82519e-05
Sorcs3_pips	0.78515	0.211639	0.00321131
Sorcs2_pips	0.943955	0.0554147	0.000630221
Sorcs1_pips	0.996811	0.00316191	2.74366e-05
Sorbs2_pips	0.968191	0.0314805	0.000328751
Sohlh1_pips	0.963317	0.0362961	0.000386644
Sod3_pips	0.972255	0.0274631	0.000281658
Socs1_pips	0.880136	0.118309	0.00155496
Sobp_pips	0.910992	0.0879216	0.00108683
Soat2_pips	0.989933	0.0099746	9.2029e-05
Snx26_pips	0.927981	0.0711735	0.000845444
Snx22_pips	0.917936	0.0810777	0.000986688
Snx21_pips	0.0733827	0.885318	0.0412996
Sntg2_pips	0.986937	0.0129411	0.000122118
Sntg1_pips	0.99817	0.00181443	1.56297e-05
Sntb1_pips	0.975334	0.0244191	0.000246756
Snf1lk_pips	0.722502	0.273024	0.00447388
Sncg_pips	0.00384618	0.859739	0.136415
Sncaip_pips	0.998709	0.00128008	1.10597e-05
Snca_pips	0.954122	0.0453783	0.000499766
Snapc5_pips	0.999176	0.000816824	7.14636e-06
Snap25_pips	0.999871	0.000127935	1.31171e-06
Snai2_pips	0.73486	0.260926	0.00421397
Snai1_pips	0.619569	0.373571	0.00686025
Smyd1_pips	0.927264	0.0718805	0.000855379
Smtnl1_pips	0.994695	0.00525893	4.65325e-05
Smr2_pips	0.960072	0.0395018	0.000426005
Smpx_pips	0.999666	0.00033136	3.06415e-06
Smpdl3a_pips	0.995353	0.00460602	4.0501e-05
Smpd3_pips	0.986235	0.0136362	0.000129311
Smok3a_pips	0.995198	0.0047599	4.19158e-05
Smoc2_pips	0.978447	0.0213405	0.000212191
Smcp_pips	0.996712	0.00326013	2.83124e-05
Smarca2_pips	0.00133865	0.795585	0.203077
Sln_pips	0.99671	0.00326151	2.83247e-05
Slmo1_pips	0.336191	0.647427	0.0163826
Slitrk6_pips	0.999212	0.000781255	6.84736e-06
Slitrk5_pips	0.892509	0.106128	0.00136283
Slitrk4_pips	0.998738	0.00125131	1.08154e-05
