Loci	mef_0	mef_1	mef_2
p_mef	0.957991	0.0415511	0.000457991
a_mef	0.974445	0.0252957	0.000259702
Zxdb_mef	0.31584	0.666083	0.0180769
Zswim5_mef	0.75545	0.240649	0.00390115
Zswim2_mef	0.998661	0.00132766	1.16257e-05
Zscan20_mef	0.730832	0.264743	0.00442508
Zscan2_mef	0.973938	0.0257964	0.000265521
Zpbp2_mef	0.993802	0.00614286	5.52391e-05
Zpbp_mef	0.989398	0.0105036	9.8133e-05
Zp3r_mef	0.995669	0.00429335	3.7945e-05
Zp3_mef	0.997135	0.0028401	2.48101e-05
Zp2_mef	0.997492	0.00248595	2.16766e-05
Zp1_mef	0.985389	0.0144719	0.000139301
Znrf4_mef	0.95049	0.0489556	0.000554068
Zmynd15_mef	0.986433	0.0134381	0.000128401
Zmynd12_mef	0.994488	0.00546298	4.8812e-05
Zmynd10_mef	0.940193	0.0591158	0.000691062
Zmiz1_mef	0.710355	0.284767	0.00487825
Zmat4_mef	0.996952	0.003022	2.64303e-05
Zmat1_mef	0.564003	0.427373	0.00862457
Zkscan6_mef	0.943124	0.0562248	0.0006515
Zim1_mef	0.990873	0.00904367	8.34737e-05
Zic4_mef	0.995714	0.00424818	3.75305e-05
Zic1_mef	0.36906	0.615391	0.015549
Zhx3_mef	0.669345	0.32482	0.00583497
Zhx2_mef	0.0231162	0.906351	0.0705323
Zfyve28_mef	0.837942	0.159751	0.00230736
Zfyve27_mef	0.538099	0.452507	0.00939409
Zfyve16_mef	0.370042	0.614452	0.0155058
Zfy1_mef	0.952876	0.0466004	0.000523151
Zfpm2_mef	0.0246879	0.906622	0.0686897
Zfp94_mef	0.924422	0.0746664	0.000911302
Zfp92_mef	0.962635	0.0369651	0.000400199
Zfp9_mef	9.81676e-05	0.539303	0.460599
Zfp82_mef	0.923693	0.0753854	0.000921776
Zfp811_mef	0.995828	0.0041356	3.64988e-05
Zfp804a_mef	0.999223	0.000770245	6.88987e-06
Zfp787$LOC100041228_mef	0.722234	0.273152	0.00461341
Zfp786_mef	0.9825	0.0173298	0.00017002
Zfp784_mef	0.897101	0.101579	0.0013197
Zfp78_mef	0.952941	0.0465366	0.000522318
Zfp768_mef	0.0954257	0.866234	0.0383406
Zfp759_mef	0.986632	0.0132417	0.000126344
Zfp750_mef	0.909738	0.089135	0.00112677
Zfp75_mef	0.862972	0.135155	0.00187309
Zfp711_mef	0.99852	0.001467	1.28188e-05
Zfp709_mef	0.952355	0.0471152	0.000529881
Zfp708_mef	0.986245	0.0136243	0.000130356
Zfp697_mef	0.354882	0.628933	0.0161854
Zfp689_mef	0.681782	0.31268	0.00553773
Zfp677_mef	0.191624	0.782141	0.0262347
Zfp672_mef	0.0632085	0.890451	0.0463408
Zfp661_mef	0.911443	0.0874554	0.00110126
Zfp653_mef	0.716542	0.278719	0.00473965
Zfp629_mef	0.187204	0.786175	0.0266215
Zfp619_mef	0.803917	0.193148	0.00293473
Zfp612_mef	0.982784	0.0170492	0.000166966
Zfp608_mef	0.206699	0.768316	0.0249849
Zfp606_mef	0.823175	0.17425	0.00257444
Zfp597_mef	0.512886	0.476934	0.0101797
Zfp595_mef	0.772103	0.224338	0.00355944
Zfp59_mef	0.999022	0.000969036	8.57307e-06
Zfp583_mef	0.772458	0.22399	0.00355226
Zfp563_mef	0.877012	0.121348	0.00163988
Zfp551_mef	0.979662	0.0201366	0.000200973
Zfp541_mef	0.909486	0.0893836	0.00113056
Zfp536_mef	0.98838	0.0115112	0.00010841
Zfp53$LOC100044273_mef	0.317902	0.664127	0.0179713
Zfp524_mef	0.255333	0.723137	0.0215299
Zfp521_mef	0.00198697	0.816509	0.181504
Zfp52_mef	0.931419	0.0677686	0.0008121
Zfp509_mef	0.686299	0.30827	0.00543134
Zfp503_mef	0.000219085	0.625792	0.373989
Zfp474_mef	0.952622	0.046852	0.000526438
Zfp467_mef	0.740637	0.255149	0.0042137
Zfp458_mef	0.992634	0.00729935	6.63442e-05
Zfp455_mef	0.999447	0.000548117	5.01141e-06
Zfp454_mef	0.712327	0.282839	0.0048339
Zfp40_mef	0.998119	0.00186478	1.62485e-05
Zfp398_mef	0.869861	0.128381	0.00175771
Zfp39_mef	0.950983	0.0484695	0.000547661
Zfp358_mef	0.207254	0.767805	0.0249408
Zfp354b_mef	0.99579	0.00417364	3.68471e-05
Zfp334_mef	0.98229	0.017538	0.00017229
Zfp324_mef	0.480256	0.508488	0.0112553
Zfp319_mef	0.366419	0.617916	0.0156657
Zfp316_mef	0.929815	0.0693504	0.000834641
Zfp30_mef	0.520239	0.469814	0.00994668
Zfp3_mef	0.942303	0.057034	0.000662528
Zfp287_mef	0.803415	0.193641	0.0029443
Zfp286_mef	0.714608	0.280609	0.00478281
Zfp282_mef	0.437565	0.549659	0.0127763
Zfp28_mef	0.894411	0.104227	0.00136164
Zfp276_mef	0.478533	0.510153	0.0113141
Zfp273_mef	0.814203	0.183056	0.00274062
Zfp27_mef	0.749706	0.246272	0.00402137
Zfp248_mef	0.877174	0.121189	0.00163724
Zfp213_mef	0.825592	0.171878	0.00253018
Zfp202_mef	0.493607	0.495587	0.0108068
Zfp2_mef	0.989845	0.0100612	9.36616e-05
Zfp189_mef	0.939142	0.0601524	0.000705356
Zfp182_mef	0.959909	0.0396566	0.000433952
Zfp179_mef	0.964822	0.0348041	0.000373447
Zfp169_mef	0.456197	0.531707	0.0120954
Zfp142_mef	0.858828	0.139228	0.00194335
Zfp14_mef	0.970192	0.0294985	0.00030915
Zfp128_mef	0.644582	0.348972	0.00644584
Zfp119_mef	0.885609	0.11289	0.00150088
Zfp113_mef	0.777994	0.218565	0.00344098
Zfp112_mef	0.689747	0.304903	0.00535066
Zfp111_mef	0.838627	0.159078	0.00229517
Zfp11_mef	0.539649	0.451004	0.00934702
Zfp109_mef	0.831364	0.166211	0.00242535
Zfp108_mef	0.967301	0.0323552	0.00034352
Zfhx4_mef	0.0186421	0.90449	0.0768674
Zfat1_mef	0.82367	0.173765	0.00256537
Zer1_mef	0.997464	0.00251448	2.19279e-05
Zeb2_mef	0.307341	0.67414	0.0185194
Zdhhc25_mef	0.995431	0.00452919	4.0116e-05
Zdhhc22_mef	0.626085	0.366995	0.00691931
Zdhhc2_mef	0.0140738	0.900006	0.0859201
Zdhhc19_mef	0.997775	0.00220538	1.92139e-05
Zdhhc17_mef	0.252411	0.725872	0.0217172
Zdhhc14_mef	0.914138	0.0848008	0.00106121
Zdhhc11_mef	0.992083	0.00784545	7.16596e-05
Zcchc5_mef	0.0052512	0.868701	0.126048
Zcchc4_mef	0.897608	0.10108	0.00131183
Zcchc18_mef	0.950155	0.0492865	0.000558438
Zc3hav1_mef	0.772443	0.224005	0.00355256
Zc3h7a_mef	0.622724	0.370269	0.00700696
Zc3h6_mef	0.961235	0.0383473	0.000417473
Zc3h12d_mef	0.997353	0.00262435	2.28979e-05
Zbtb8os_mef	0.995017	0.00493867	4.391e-05
Zbtb7c_mef	0.807301	0.189828	0.00287044
Zbtb46_mef	0.898267	0.100431	0.00130162
Zbtb4_mef	0.0287419	0.906669	0.0645892
Zbtb38_mef	0.917939	0.0810556	0.00100525
Zbtb37_mef	0.991708	0.00821648	7.5296e-05
Zbtb20_mef	0.388562	0.596726	0.0147117
Zbtb16_mef	0.925201	0.0738987	0.000900146
Zbed3_mef	0.376199	0.608564	0.0152376
Zan_mef	0.93779	0.0614859	0.000723829
Ypel4_mef	0.990358	0.00955323	8.85582e-05
Ypel1_mef	0.838256	0.159443	0.00230177
Yod1_mef	0.814402	0.182861	0.0027369
Xtrp3s1_mef	0.999767	0.000231134	2.3037e-06
Xpnpep2_mef	0.343228	0.640044	0.0167275
Xkrx_mef	0.991918	0.00800898	7.32599e-05
Xkr6_mef	0.984799	0.0150555	0.000145505
Xkr4_mef	0.999496	0.000499326	4.59819e-06
Xk_mef	0.96357	0.0360409	0.00038872
Xirp1_mef	0.973763	0.025969	0.000267532
Xdh_mef	0.963438	0.0361718	0.000390341
Xcr1_mef	0.987145	0.012734	0.000121046
Xcl1_mef	0.99159	0.00833381	7.64501e-05
Wwox_mef	0.798773	0.198194	0.00303325
Wscd1_mef	0.881	0.117425	0.00157505
Wnt9b_mef	0.950458	0.0489878	0.000554494
Wnt9a_mef	0.004077	0.857104	0.138819
Wnt8b_mef	0.998934	0.00105717	9.32102e-06
Wnt8a_mef	0.99737	0.00260729	2.2747e-05
Wnt6_mef	0.582171	0.409723	0.00810604
Wnt5b_mef	0.949442	0.0499902	0.000567752
Wnt5a_mef	0.00146899	0.796076	0.202455
Wnt4_mef	0.169911	0.801852	0.0282375
Wnt3a_mef	0.902812	0.0959566	0.00123169
Wnt2b_mef	0.979815	0.0199852	0.000199285
Wnt2_mef	0.916359	0.0826122	0.00102842
Wnt16_mef	0.634401	0.358894	0.00670458
Wnt11_mef	0.35908	0.624926	0.0159944
Wnt10b_mef	0.725893	0.269574	0.00453292
Wnt10a_mef	0.861818	0.13629	0.0018926
Wnt1_mef	0.990872	0.00904463	8.34832e-05
Wnk4_mef	0.990384	0.00952789	8.83045e-05
Wnk2_mef	0.6647	0.329353	0.00594761
Wisp1_mef	2.22063e-09	0.013217	0.986783
Wipi1_mef	0.0124179	0.897324	0.0902583
Wif1_mef	0.999735	0.000262555	2.57642e-06
Whrn_mef	0.391815	0.593609	0.014576
Whdc1_mef	0.972048	0.0276646	0.000287406
Wfikkn2_mef	0.869054	0.129175	0.00177113
Wfdc6a_mef	0.997355	0.00262226	2.28793e-05
Wfdc5_mef	0.882528	0.115921	0.00155036
Wfdc3_mef	0.942842	0.0565028	0.000655285
Wfdc15b_mef	0.884394	0.114085	0.00152035
Wfdc12_mef	0.739445	0.256316	0.00423921
Wee2_mef	0.998939	0.00105161	9.27383e-06
Wdr86_mef	0.979126	0.0206669	0.000206903
Wdr78_mef	0.964214	0.0354052	0.000380856
Wdr69_mef	0.998105	0.00187869	1.6369e-05
Wdr63_mef	0.983553	0.0162878	0.000158722
Wdr60_mef	0.129937	0.83725	0.0328127
Wdr5b_mef	0.897929	0.100765	0.00130687
Wdr38_mef	0.824911	0.172547	0.00254264
Wdr27_mef	0.981606	0.0182147	0.000179698
Wdr22_mef	0.581874	0.410012	0.00811439
Wdr20b_mef	0.998729	0.00125981	1.10462e-05
Wdr19_mef	0.662685	0.331318	0.00599673
Wdr17_mef	0.997331	0.00264601	2.30894e-05
Wdr16_mef	0.998606	0.00138169	1.20878e-05
Wbscr28_mef	0.8651	0.133063	0.00183726
Was_mef	0.996315	0.00365321	3.21064e-05
Wars2_mef	0.154358	0.815787	0.0298557
Wap_mef	0.912373	0.0865393	0.0010874
Vwf_mef	0.99434	0.00561007	5.01959e-05
Vwc2_mef	0.998435	0.00155112	1.3541e-05
Vwa2_mef	0.998306	0.00167961	1.46475e-05
Vwa1_mef	0.827307	0.170194	0.0024989
Vtn_mef	0.993052	0.00688518	6.2343e-05
Vti1a_mef	0.234543	0.742543	0.022914
Vtcn1_mef	0.99383	0.00611457	5.49701e-05
Vsx1_mef	0.963456	0.036154	0.000390121
Vstm2_mef	0.999546	0.00044949	4.17544e-06
Vsnl1_mef	0.985207	0.0146522	0.000141213
Vsig8_mef	0.997143	0.00283236	2.47413e-05
Vsig2_mef	0.959372	0.0401873	0.000440663
Vsig1_mef	0.996832	0.0031404	2.74886e-05
Vps37d_mef	0.474704	0.513851	0.0114455
Vps13c_mef	0.97807	0.0217114	0.000218657
Vpreb3_mef	0.670338	0.323851	0.005811
Vpreb1_mef	0.956259	0.0432615	0.000479888
Vnn3_mef	0.859431	0.138635	0.00193309
Vnn1_mef	0.0278553	0.906728	0.0654166
Vldlr_mef	0.136111	0.831881	0.0320081
Vit_mef	0.998104	0.00187998	1.63802e-05
Vipr2_mef	0.992305	0.00762574	6.95157e-05
Vipr1_mef	0.996044	0.00392115	3.45404e-05
Vip_mef	0.994648	0.00530489	4.73289e-05
Vil1_mef	0.999331	0.000663208	5.98485e-06
Vgll2_mef	0.991095	0.00882393	8.1292e-05
Vgll1_mef	0.984948	0.0149078	0.000143931
Vgf_mef	0.708635	0.286448	0.00491704
Vezt_mef	0.342589	0.640653	0.0167578
Veph1_mef	0.995432	0.00452795	4.01046e-05
Vdr_mef	0.295737	0.685119	0.0191437
Vcan_mef	0.000309093	0.661084	0.338607
Vax1_mef	0.957351	0.0421831	0.00046606
Vav3_mef	0.974245	0.0254927	0.000261989
Vav1_mef	0.998081	0.00190203	1.65715e-05
Vash2_mef	0.0260731	0.906735	0.0671923
Vamp5_mef	0.02671	0.906751	0.0665395
Vamp1_mef	0.929777	0.0693876	0.000835173
V2r16_mef	0.999749	0.00024873	2.45664e-06
V1rd9_mef	0.998883	0.00110731	9.74719e-06
V1rd6_mef	0.863046	0.135083	0.00187185
V1rd4_mef	0.998274	0.0017114	1.49218e-05
V1rd3_mef	0.997267	0.00270888	2.36459e-05
V1rc8$V1rc22_mef	0.999504	0.000491605	4.53275e-06
V1rc7_mef	0.999563	0.000433085	4.03608e-06
V1rc6_mef	0.999679	0.000317553	3.05016e-06
V1rc5_mef	0.999715	0.00028266	2.75006e-06
V1rc3_mef	0.999806	0.000192502	1.96547e-06
V1rc22_mef	0.999821	0.000177439	1.83247e-06
V1rc2_mef	0.999676	0.000320508	3.07551e-06
V1rc1_mef	0.996076	0.00388927	3.42501e-05
V1rb8_mef	0.999456	0.000538713	4.93181e-06
V1rb7_mef	0.999108	0.000884351	7.85546e-06
V1rb6_mef	0.893223	0.105397	0.00138025
V1rb5_mef	0.999492	0.000503189	4.63092e-06
V1rb3_mef	0.998764	0.00122546	1.07532e-05
V1rb2_mef	0.999646	0.000350313	3.33073e-06
V1rb10_mef	0.999493	0.000502631	4.62619e-06
V1rb1_mef	0.999523	0.000472449	4.3703e-06
V1ra9_mef	0.997752	0.00222842	1.94155e-05
V1ra6_mef	0.990047	0.00986148	9.16508e-05
V1ra5_mef	0.999777	0.000220529	2.21121e-06
V1ra4$V1ra3_mef	0.999731	0.000266744	2.61265e-06
V1ra2_mef	0.99971	0.000286889	2.78651e-06
V1ra1_mef	0.999798	0.000200278	2.03386e-06
Uty_mef	0.72303	0.272375	0.00459587
Uts2r_mef	0.97109	0.0286119	0.000298606
Uts2_mef	0.995678	0.00428442	3.7863e-05
Usp9y_mef	0.991114	0.00880467	8.11011e-05
Usp53_mef	0.368714	0.615722	0.0155643
Usp50_mef	0.998131	0.00185251	1.61421e-05
Usp43_mef	0.990116	0.00979349	9.09676e-05
Usp29_mef	0.993467	0.00647477	5.84045e-05
Usp25_mef	0.0839831	0.875282	0.0407349
Usp20_mef	0.69193	0.30277	0.00529982
Usp13_mef	0.784137	0.212544	0.00331881
Ushbp1_mef	0.979302	0.0204929	0.000204954
Ush2a_mef	0.979673	0.0201257	0.000200851
Ush1c_mef	0.97824	0.0215437	0.000216763
Uqcrq_mef	0.913612	0.0853189	0.001069
Upp2_mef	0.998006	0.00197682	1.7221e-05
Upk3b_mef	0.987421	0.0124604	0.000118203
Upk3a_mef	0.909019	0.0898438	0.00113758
Upk1b_mef	0.845952	0.151883	0.00216584
Upk1a_mef	0.76043	0.235772	0.0037979
Upb1_mef	0.970484	0.0292105	0.000305719
Uox_mef	0.950647	0.0488006	0.000552024
Uncx4.1_mef	0.998474	0.00151269	1.32109e-05
Unc5d_mef	0.998991	0.00100032	8.8384e-06
Unc5cl_mef	0.992688	0.00724638	6.58309e-05
Unc5c_mef	0.0645516	0.889537	0.0459114
Unc45b_mef	0.999177	0.000815748	7.27476e-06
Unc13d_mef	0.936455	0.0628033	0.000742169
Unc13c_mef	0.985565	0.014298	0.000137459
Unc13a_mef	0.96975	0.0299359	0.000314374
Umodl1_mef	0.997786	0.00219443	1.91182e-05
Umod_mef	0.999747	0.000250407	2.47119e-06
Ulk2_mef	0.00769041	0.883497	0.108813
Ugt3a2_mef	0.991135	0.00878427	8.0899e-05
Ugt2b5_mef	0.999644	0.000352638	3.35061e-06
Ugt2b38_mef	0.998546	0.00144159	1.26009e-05
Ugt2b37_mef	0.999637	0.000359566	3.40981e-06
Ugt2b36_mef	0.998373	0.00161249	1.4069e-05
Ugt2b35_mef	0.999463	0.00053163	4.87183e-06
Ugt2b34_mef	0.997982	0.00200031	1.74252e-05
Ugt2b1_mef	0.999342	0.000652553	5.89478e-06
Ugt2a3_mef	0.999702	0.000295158	2.85772e-06
Ugt2a1_mef	0.999262	0.000731051	6.55843e-06
Ugcgl2_mef	0.0199495	0.905232	0.0748184
Ucp3_mef	0.543663	0.447112	0.0092257
Ucp1_mef	0.991428	0.00849377	7.80266e-05
Ucn3_mef	0.996852	0.00312116	2.73164e-05
Ucn_mef	0.92459	0.0745011	0.000908897
Uchl4$Uchl3_mef	0.999748	0.000249281	2.46142e-06
Ubxd3_mef	0.96988	0.029807	0.000312833
Ubqlnl_mef	0.964915	0.0347129	0.000372325
Ubqln3_mef	0.999621	0.000375588	3.54658e-06
Ubl4b_mef	0.992619	0.00731448	6.64909e-05
Ube2u_mef	0.997816	0.00216507	1.88616e-05
Ube2m_mef	0.216025	0.759715	0.0242599
Ube2l6_mef	0.994933	0.00502258	4.46913e-05
Ubd_mef	0.998598	0.00138953	1.21549e-05
Ubash3a_mef	0.965519	0.0341161	0.000364997
Tyrp1_mef	0.998583	0.0014052	1.2289e-05
Tyrobp_mef	0.906713	0.0921148	0.00117235
Tyr_mef	0.998588	0.00139943	1.22397e-05
Tyms_mef	0.997064	0.00291078	2.54388e-05
Tyki_mef	0.989523	0.0103802	9.6883e-05
Txnl6_mef	0.867589	0.130616	0.00179557
Txndc8_mef	0.939209	0.0600865	0.000704445
Txndc3_mef	0.998785	0.0012043	1.05729e-05
Txndc2_mef	0.889413	0.109146	0.00144032
Txlnb_mef	0.934572	0.0646596	0.000768165
Txk_mef	0.997911	0.00207087	1.80397e-05
Tusc5_mef	0.985892	0.0139737	0.000134033
Tulp2_mef	0.99879	0.0011994	1.05311e-05
Tulp1_mef	0.918543	0.0804609	0.000996419
Tubd1_mef	0.364862	0.619403	0.0157349
Tubb4_mef	0.740466	0.255317	0.00421735
Tubb1_mef	0.964632	0.0349918	0.000375758
Tuba8_mef	0.680346	0.314082	0.00557173
Tub_mef	0.991574	0.00834916	7.66013e-05
Ttyh1$Taf1_mef	0.991051	0.00886713	8.17204e-05
Ttn_mef	0.995102	0.00485482	4.31307e-05
Ttll9_mef	0.880927	0.117497	0.00157623
Ttll3_mef	0.968136	0.0315301	0.000333532
Ttll13_mef	0.996805	0.00316759	2.7732e-05
Ttll11_mef	0.219939	0.756095	0.0239655
Ttll10_mef	0.989225	0.0106751	9.98729e-05
Ttl_mef	0.452667	0.535111	0.0122223
Ttc9b_mef	0.900685	0.0980508	0.00126431
Ttc9_mef	0.00052172	0.711479	0.288
Ttc7_mef	0.701236	0.293679	0.00508523
Ttc29_mef	0.999631	0.000365469	3.46022e-06
Ttc25_mef	0.998334	0.00165156	1.44056e-05
Ttc23_mef	0.123294	0.842976	0.0337301
Ttc22_mef	0.957374	0.0421598	0.000465762
Ttc21a_mef	0.942942	0.0564043	0.000653943
Ttc17_mef	0.0562867	0.894958	0.0487558
Ttc16_mef	0.991595	0.00832829	7.63958e-05
Tsx_mef	0.994201	0.00574739	5.14912e-05
Tssk6_mef	0.948811	0.050613	0.000576021
Tssk5_mef	0.575853	0.415862	0.00828444
Tssk4_mef	0.995571	0.00439061	3.88391e-05
Tssk3_mef	0.991375	0.00854621	7.85442e-05
Tssk2_mef	0.993845	0.00610055	5.48368e-05
Tssk1_mef	0.911841	0.0870637	0.00109533
Tspyl5_mef	0.97266	0.02706	0.000280293
Tspyl3_mef	0.726014	0.269456	0.00453027
Tspan8_mef	0.988819	0.0110773	0.000103968
Tspan33_mef	0.961077	0.0385034	0.000419432
Tspan11_mef	0.636684	0.35667	0.00664617
Tspan10_mef	0.958375	0.0411723	0.000453166
Tspan1_mef	0.91737	0.0816162	0.00101358
Tsnaxip1_mef	0.980575	0.0192337	0.000190935
Tsku_mef	0.359248	0.624766	0.0159868
Tshz3_mef	0.11804	0.847462	0.0344976
Tshz2_mef	0.937333	0.0619367	0.000730094
Tshr_mef	0.997924	0.00205811	1.79285e-05
Tshb_mef	0.98933	0.010571	9.88165e-05
Tsga13_mef	0.998328	0.00165714	1.44537e-05
Tsga10_mef	0.66451	0.329538	0.00595223
Tsc22d3_mef	0.00513035	0.867693	0.127176
Trpv6_mef	0.89826	0.100438	0.00130173
Trpv4_mef	0.658906	0.335004	0.00608934
Trpv2_mef	0.0612963	0.891731	0.0469727
Trpv1_mef	0.999301	0.000693226	6.23863e-06
Trpm8_mef	0.999694	0.000303146	2.92643e-06
Trpm6_mef	0.889517	0.109045	0.00143868
Trpm5_mef	0.985423	0.0144379	0.00013894
Trpm3_mef	0.998839	0.001151	1.01189e-05
Trpm2_mef	0.618482	0.3744	0.00711834
Trpm1_mef	0.988735	0.0111601	0.000104815
Trpd52l3_mef	0.789587	0.207201	0.00321156
Trpc6_mef	0.999541	0.000454573	4.2186e-06
Trpc5_mef	0.998961	0.00102994	9.08983e-06
Trpc4_mef	0.932763	0.066444	0.000793321
Trpc3_mef	0.953256	0.0462253	0.000518257
Trpc1_mef	0.0279551	0.906723	0.0653217
Trpa1_mef	0.963583	0.0360285	0.000388565
Trp73_mef	0.948983	0.0504432	0.000573763
Trp63_mef	0.994667	0.00528626	4.71544e-05
Trmt12_mef	0.994991	0.00496448	4.41502e-05
Trim9_mef	0.987515	0.0123682	0.000117248
Trim75_mef	0.999181	0.000812232	7.24502e-06
Trim7_mef	0.957822	0.0417177	0.000460116
Trim69_mef	0.995696	0.00426614	3.76953e-05
Trim68_mef	0.258948	0.719751	0.0213012
Trim66_mef	0.987867	0.012019	0.000113636
Trim65_mef	0.921872	0.0771801	0.00094803
Trim63_mef	0.998909	0.00108179	9.53025e-06
Trim62_mef	0.920692	0.0783424	0.000965115
Trim60$Trim60_mef	0.879491	0.118909	0.0015995
Trim60_mef	0.85163	0.146303	0.00206697
Trim47_mef	0.00153516	0.79918	0.199285
Trim46_mef	0.181743	0.791144	0.0271134
Trim42_mef	0.998218	0.00176708	1.54027e-05
Trim40_mef	0.900812	0.0979254	0.00126235
Trim31_mef	0.998166	0.00181788	1.58422e-05
Trim30$AI451617_mef	0.990084	0.00982504	9.12845e-05
Trim29_mef	0.835493	0.162156	0.00235109
Trim16_mef	0.00746776	0.882474	0.110058
Trim14_mef	0.999051	0.000940933	8.33481e-06
Trim10_mef	0.981956	0.0178684	0.000175901
Trib2_mef	0.0610595	0.891888	0.0470528
Trib1_mef	0.298728	0.682292	0.0189805
Trhr2_mef	0.878733	0.119655	0.00161183
Trhr_mef	0.999179	0.000813736	7.25776e-06
Trhde_mef	0.999804	0.000194317	1.98145e-06
Trex2_mef	0.723389	0.272023	0.00458795
Treml4_mef	0.999503	0.000492358	4.53912e-06
Treml2$LOC100047904_mef	0.995124	0.00483291	4.29272e-05
Treml1_mef	0.588379	0.403688	0.00793267
Trem3_mef	0.968449	0.0312216	0.00032981
Trem1_mef	0.972831	0.0268903	0.000278302
Treh_mef	0.998261	0.00172409	1.50313e-05
Trat1_mef	0.998267	0.00171842	1.49823e-05
Traf6_mef	0.708874	0.286214	0.00491165
Traf5_mef	0.575128	0.416567	0.00830504
Traf3ip3_mef	0.987607	0.0122771	0.000116304
Traf1_mef	0.982651	0.0171805	0.000168395
Tpte_mef	0.732077	0.263525	0.00439804
Tpsg1_mef	0.938798	0.0604917	0.000710047
Tpsb2_mef	0.982299	0.0175285	0.000172186
Tpsab1_mef	0.979818	0.0199829	0.000199259
Tppp_mef	0.99969	0.000307253	2.96172e-06
Tpo_mef	0.940023	0.0592834	0.000693369
Tph1_mef	0.996339	0.0036294	3.18908e-05
Tpcn2_mef	0.560984	0.430304	0.00871238
Tpbpb_mef	0.998594	0.00139354	1.21892e-05
Tpbpa_mef	0.999349	0.000645638	5.8363e-06
Tpbg_mef	0.00130723	0.787654	0.211039
Tox3_mef	0.998375	0.00161124	1.40583e-05
Tox2_mef	0.962836	0.0367666	0.000397728
Tor3a$LOC100047963_mef	0.58584	0.406156	0.00800334
Tnxb_mef	0.984357	0.0154924	0.000150173
Tns4_mef	0.966287	0.033357	0.000355712
Tnrc4_mef	0.549724	0.441232	0.00904422
Tnp1_mef	0.998689	0.00129922	1.13826e-05
Tnnt3_mef	0.996265	0.00370217	3.255e-05
Tnnt2_mef	0.841314	0.156438	0.00224748
Tnni3k_mef	0.947559	0.0518489	0.000592491
Tnni3_mef	0.98446	0.0153911	0.000149089
Tnni2_mef	0.988938	0.0109588	0.00010276
Tnni1_mef	0.577711	0.414057	0.00823178
Tnnc2_mef	0.991069	0.00884959	8.15464e-05
Tnnc1_mef	0.365154	0.619124	0.0157219
Tnn_mef	0.0372694	0.904674	0.0580569
Tnmd_mef	0.00525685	0.868747	0.125996
Tnk1_mef	0.972949	0.0267745	0.000276945
Tnfsf8_mef	0.962688	0.0369121	0.00039954
Tnfsf4_mef	0.959832	0.0397329	0.000434916
Tnfsf14_mef	0.991606	0.00831737	7.62882e-05
Tnfsf13b_mef	0.996626	0.00334465	2.93213e-05
Tnfsf11_mef	0.170223	0.80157	0.0282067
Tnfsf10_mef	0.99108	0.00883878	8.14392e-05
Tnfrsf9_mef	0.955123	0.0443831	0.000494345
Tnfrsf8_mef	0.965157	0.0344734	0.000369381
Tnfrsf25_mef	0.968936	0.0307398	0.000324012
Tnfrsf19_mef	0.967513	0.032146	0.000340984
Tnfrsf18_mef	0.96268	0.0369205	0.000399643
Tnfrsf17_mef	0.989887	0.0100195	9.32412e-05
Tnfrsf14_mef	0.938418	0.0608669	0.000715242
Tnfrsf13c_mef	0.969598	0.0300856	0.000316165
Tnfrsf13b_mef	0.997505	0.00247366	2.15683e-05
Tnfrsf11b_mef	0.00316004	0.84401	0.15283
Tnfrsf11a_mef	0.894903	0.103743	0.00135394
Tnfrsf10b_mef	0.737151	0.25856	0.00428843
Tnfaip8l2_mef	0.926305	0.0728104	0.000884379
Tnfaip3_mef	0.166198	0.805194	0.0286083
Tnf_mef	0.717559	0.277724	0.00471699
Tmub1_mef	0.398991	0.586728	0.0142806
Tmtc2_mef	0.801187	0.195826	0.0029869
Tmtc1_mef	0.99077	0.00914565	8.44884e-05
Tmprss4_mef	0.836758	0.160913	0.00232847
Tmprss3_mef	0.937412	0.0618586	0.000729007
Tmprss2_mef	0.986486	0.0133858	0.000127853
Tmprss13_mef	0.991603	0.00832036	7.63176e-05
Tmprss11f_mef	0.999571	0.000425177	3.96886e-06
Tmprss11e_mef	0.999621	0.000375935	3.54954e-06
Tmprss11d_mef	0.999626	0.000370696	3.50484e-06
Tmprss11a_mef	0.999642	0.000354227	3.36419e-06
Tmod4_mef	0.99588	0.00408413	3.60279e-05
Tmod2$LOC100048637_mef	0.997697	0.0022833	1.98961e-05
Tmigd1_mef	0.999238	0.000755532	6.76544e-06
Tmie_mef	0.973336	0.0263914	0.000272461
Tmhs_mef	0.995361	0.00459843	4.07554e-05
Tmem91_mef	0.977472	0.0223024	0.000225349
Tmem90a_mef	0.889917	0.108651	0.00143235
Tmem86b_mef	0.9963	0.0036679	3.22394e-05
Tmem82_mef	0.967027	0.0326264	0.000346813
Tmem80_mef	0.261064	0.717767	0.0211688
Tmem74_mef	0.966938	0.0327146	0.000347886
Tmem71_mef	0.99804	0.0019427	1.69246e-05
Tmem67_mef	0.983312	0.0165266	0.000161301
Tmem63c_mef	0.988918	0.0109786	0.000102962
Tmem62_mef	0.0514642	0.897858	0.0506773
Tmem59_mef	0.999465	0.000530077	4.85868e-06
Tmem56_mef	0.999101	0.000891248	7.91387e-06
Tmem54_mef	0.990033	0.00987557	9.17924e-05
Tmem53_mef	0.0376712	0.90453	0.0577992
Tmem46_mef	0.995632	0.00432969	3.82789e-05
Tmem45b_mef	0.997944	0.00203847	1.77574e-05
Tmem44_mef	0.890554	0.108024	0.00142228
Tmem38a_mef	0.494325	0.494892	0.010783
Tmem35_mef	0.788435	0.208331	0.00323415
Tmem28_mef	0.998113	0.00187085	1.63011e-05
Tmem27_mef	0.999743	0.000254224	2.50428e-06
Tmem26_mef	0.998452	0.00153447	1.33979e-05
Tmem25_mef	0.874837	0.123487	0.00167551
Tmem184a_mef	0.956613	0.0429112	0.000475388
Tmem182_mef	0.998539	0.0014486	1.26609e-05
Tmem178_mef	0.99803	0.00195284	1.70127e-05
Tmem174_mef	0.995598	0.00436323	3.85873e-05
Tmem17_mef	0.991659	0.00826553	7.57783e-05
Tmem16d_mef	0.998526	0.00146112	1.27683e-05
Tmem16c_mef	0.442478	0.544928	0.012594
Tmem16a_mef	0.647672	0.34596	0.00636821
Tmem169_mef	0.996826	0.00314695	2.75472e-05
Tmem166_mef	0.082463	0.876454	0.0410831
Tmem162_mef	0.987867	0.0120191	0.000113637
Tmem154_mef	0.992746	0.00718864	6.5272e-05
Tmem144_mef	0.448169	0.539445	0.0123854
Tmem143$2900057H02Rik_mef	0.684664	0.309866	0.00546975
Tmem142b_mef	0.368304	0.616114	0.0155823
Tmem140_mef	0.944685	0.0546846	0.000630609
Tmem139_mef	0.981244	0.0185722	0.000183629
Tmem132e_mef	0.983808	0.0160362	0.000156011
Tmem130_mef	0.997054	0.0029207	2.55271e-05
Tmem125_mef	0.98504	0.0148168	0.000142962
Tmem119_mef	1.20856e-05	0.321103	0.678885
Tmem118_mef	0.849422	0.148473	0.00210528
Tmem117_mef	0.616148	0.376672	0.00717995
Tmem116_mef	0.704933	0.290066	0.00500093
Tmem112_mef	0.244951	0.732843	0.0222058
Tmem108$LOC100045503_mef	0.973361	0.0263668	0.000272174
Tmem104_mef	0.994932	0.0050232	4.46971e-05
Tmem103_mef	0.832735	0.164864	0.00240062
Tmem100_mef	0.990139	0.0097702	9.07337e-05
Tmem10_mef	0.9619	0.0376903	0.000409247
Tmeff2_mef	0.00826345	0.885916	0.10582
Tmco5_mef	0.997369	0.00260827	2.27557e-05
Tmco4_mef	0.660774	0.333183	0.0060435
Tmco3_mef	0.144561	0.824466	0.0309726
Tmcc2_mef	0.045124	0.901282	0.0535936
Tmc7_mef	0.614105	0.378661	0.00723411
Tmc5_mef	0.993649	0.00629423	5.66805e-05
Tmc2_mef	0.988806	0.0110895	0.000104094
Tmc1_mef	0.995389	0.00457092	4.05013e-05
Tm7sf4_mef	0.972392	0.027325	0.000283407
Tm6sf2_mef	0.988269	0.0116213	0.00010954
Tm4sf4_mef	0.753893	0.242174	0.00393363
Tm4sf20_mef	0.99838	0.00160629	1.40157e-05
Tlx3_mef	0.672111	0.32212	0.00576831
Tlx1_mef	0.929187	0.0699695	0.000843498
Tlr8_mef	0.897923	0.10077	0.00130696
Tlr7_mef	0.986613	0.0132603	0.000126538
Tlr6_mef	0.718166	0.277131	0.00470351
Tlr5_mef	0.834461	0.163169	0.00236959
Tlr4_mef	0.640066	0.353374	0.00656005
Tlr3_mef	0.995994	0.00397148	3.49992e-05
Tlr2_mef	0.474699	0.513855	0.0114456
Tlr13_mef	0.98536	0.0145002	0.000139601
Tlr12_mef	0.851914	0.146024	0.00206205
Tlr1_mef	0.997493	0.00248553	2.16729e-05
Tlm_mef	0.991745	0.00817962	7.49338e-05
Tll2_mef	0.998428	0.0015583	1.36028e-05
Tll1_mef	0.00020698	0.619831	0.379962
Tle2_mef	0.632552	0.360696	0.00675206
Tktl2_mef	0.995677	0.00428536	3.78717e-05
Tktl1_mef	0.994709	0.0052442	4.67607e-05
Titf1_mef	0.971907	0.0278039	0.000289049
Tinag_mef	0.995989	0.00397602	3.50407e-05
Timp4_mef	0.964984	0.0346445	0.000371484
Timd4_mef	0.998237	0.00174804	1.52382e-05
Timd2_mef	0.977474	0.022301	0.000225334
Tigd5_mef	0.885789	0.112713	0.00149801
Tie1_mef	0.996945	0.00302894	2.64922e-05
Tiam2_mef	0.588312	0.403753	0.00793454
Tiaf2_mef	0.820919	0.176465	0.00261596
Thsd7b_mef	0.966704	0.0329454	0.000350694
Thsd4_mef	0.979724	0.0200759	0.000200296
Thsd1_mef	0.767954	0.228402	0.00364362
Thrsp_mef	0.806892	0.19023	0.0028782
Thrb_mef	0.990677	0.00923722	8.54009e-05
Thpo_mef	0.95902	0.0405349	0.000445069
Them5_mef	0.998471	0.00151569	1.32367e-05
Them4_mef	0.567036	0.424427	0.00853682
Theg_mef	0.971947	0.0277649	0.000288587
Thbs4_mef	0.924932	0.0741637	0.000903993
Thbs3_mef	0.0156207	0.901925	0.0824539
Thbs2_mef	9.40381e-09	0.023905	0.976095
Thap2_mef	0.0538259	0.896466	0.0497084
Tha1_mef	0.780179	0.216423	0.00339737
Th_mef	0.912667	0.0862504	0.00108304
Tgm6_mef	0.986242	0.0136281	0.000130395
Tgm5_mef	0.971005	0.0286956	0.000299599
Tgifx1_mef	0.999431	0.000563878	5.1448e-06
Tgfbi_mef	0.000952949	0.763374	0.235673
Tgfb3_mef	1.83258e-08	0.0312941	0.968706
Tgfb2_mef	0.00056604	0.71891	0.280524
Tgfa_mef	0.821842	0.175559	0.00259894
Tg_mef	0.95648	0.0430429	0.000477079
Tfpi2_mef	0.00313655	0.843605	0.153259
Tff3_mef	0.952676	0.0467979	0.000525731
Tff2_mef	0.932228	0.0669714	0.000800787
Tex24_mef	0.999146	0.000846863	7.53808e-06
Tex22_mef	0.990886	0.00903028	8.33405e-05
Tex18_mef	0.999644	0.000352799	3.35199e-06
Tex16_mef	0.998884	0.00110598	9.73592e-06
Tex13_mef	0.997406	0.00257125	2.24288e-05
Tex101_mef	0.994308	0.00564143	5.04914e-05
Tessp2_mef	0.965401	0.034233	0.00036643
Tesp2_mef	0.982978	0.0168567	0.000164877
Tesp1_mef	0.980269	0.0195363	0.00019429
Tert_mef	0.980256	0.0195493	0.000194434
Tenc1_mef	0.0575479	0.894164	0.0482882
Tekt5_mef	0.993933	0.00601259	5.40016e-05
Tekt4_mef	0.871799	0.126476	0.00172559
Tekt3_mef	0.970891	0.0288079	0.000300932
Tekt2_mef	0.963632	0.0359799	0.000387963
Tekt1_mef	0.964004	0.0356127	0.000383421
Tectb_mef	0.997175	0.00280018	2.44555e-05
Tecta_mef	0.971549	0.0281581	0.000293232
Tec_mef	0.0241653	0.90655	0.0692844
Tdrd7_mef	0.0313903	0.906301	0.0623086
Tdrd1_mef	0.990471	0.00944159	8.74412e-05
Tdpoz1_mef	0.99873	0.00125944	1.10431e-05
Tdo2_mef	0.998738	0.00125122	1.09729e-05
Tctex1d1_mef	0.99961	0.000386394	3.63873e-06
Tcte2_mef	0.998399	0.00158667	1.38468e-05
Tcte1_mef	0.985464	0.0143974	0.000138511
Tcstv3_mef	0.999535	0.000461047	4.27355e-06
Tcl1b4_mef	0.555268	0.435852	0.00887999
Tchhl1_mef	0.997797	0.00218436	1.90301e-05
Tcfec_mef	0.994579	0.00537279	4.79654e-05
Tcfap2e_mef	0.996338	0.00362999	3.18961e-05
Tcfap2d_mef	0.994428	0.00552266	4.93732e-05
Tcfap2b_mef	0.963612	0.0359999	0.000388211
Tcfap2a$Hrc_mef	0.633593	0.359682	0.00672532
Tcf7l2_mef	0.353756	0.630007	0.016237
Tcf23_mef	0.99534	0.00461856	4.09415e-05
Tcf21_mef	0.985509	0.0143532	0.000138043
Tcf2_mef	0.957527	0.0420091	0.000463837
Tcf1_mef	0.988702	0.0111932	0.000105152
Tcerg1l_mef	0.960094	0.0394746	0.000431655
Tceal3_mef	0.614369	0.378404	0.00722709
Tcba1_mef	0.999688	0.000309075	2.97737e-06
Tcap_mef	0.827072	0.170425	0.00250319
Tcam1_mef	0.970624	0.029072	0.000304071
Tbxas1_mef	0.707783	0.287281	0.00493631
Tbx6_mef	0.988711	0.0111842	0.000105061
Tbx5_mef	0.717673	0.277613	0.00471447
Tbx4_mef	0.182284	0.790652	0.027064
Tbx22_mef	0.999432	0.000563101	5.13823e-06
Tbx21_mef	0.99664	0.00333104	2.91989e-05
Tbx20_mef	0.991422	0.00850012	7.80893e-05
Tbx2_mef	0.993819	0.00612633	5.50819e-05
Tbx19_mef	0.884636	0.113848	0.00151648
Tbx18_mef	0.00205742	0.818738	0.179205
Tbr1_mef	0.999619	0.000377729	3.56484e-06
Tbc1d9_mef	0.410757	0.575435	0.0138072
Tbc1d8b_mef	0.000369084	0.678648	0.320982
Tbc1d5_mef	0.165776	0.805573	0.0286509
Tbc1d4_mef	0.82131	0.176082	0.00260876
Tbc1d21_mef	0.998929	0.00106197	9.36187e-06
Tbc1d14$LOC100044325_mef	0.658015	0.335873	0.00611126
Tbc1d10c_mef	0.983281	0.0165574	0.000161635
Tbc1d1$LOC100046817_mef	0.507383	0.48226	0.0103563
Tat_mef	0.941748	0.0575819	0.000670015
Tas2r119_mef	0.995192	0.00476562	4.2303e-05
Tas2r108_mef	0.932951	0.0662585	0.000790699
Tas2r105_mef	0.999591	0.000405562	3.80199e-06
Tas1r2_mef	0.650662	0.343044	0.00629345
Tas1r1_mef	0.741559	0.254247	0.004194
Tapbpl_mef	0.652627	0.341128	0.00624454
Tap2_mef	0.702852	0.2921	0.00504833
Tap1_mef	0.863692	0.134447	0.00186094
Tanc2_mef	0.281103	0.69893	0.0199674
Tal2_mef	0.990594	0.00931983	8.62249e-05
Tal1_mef	0.995991	0.00397445	3.50264e-05
Tagln3_mef	0.870878	0.127382	0.00174084
Taf15_mef	0.963862	0.0357524	0.000385147
Tada1l_mef	0.103368	0.859756	0.0368764
Tacstd2_mef	0.999508	0.000487808	4.50055e-06
Tacr3_mef	0.983938	0.0159077	0.000154629
Tacr1_mef	0.899014	0.0996958	0.00129007
Tac4_mef	0.996615	0.00335554	2.94193e-05
Tac2_mef	0.995329	0.00462947	4.10424e-05
Tac1_mef	0.332872	0.649903	0.0172248
Taar1_mef	0.985254	0.0146057	0.000140719
T2bp_mef	0.135298	0.832591	0.0321116
T_mef	0.994965	0.00499064	4.43938e-05
Sytl4_mef	0.950447	0.0489989	0.000554639
Sytl2_mef	0.0584449	0.893592	0.0479635
Syt7_mef	0.988107	0.0117815	0.000111188
Syt6_mef	0.989295	0.0106061	9.91727e-05
Syt4_mef	0.996214	0.003753	3.30112e-05
Syt3_mef	0.946013	0.0533744	0.000612942
Syt2_mef	0.988788	0.0111076	0.000104279
Syt17_mef	0.414833	0.571521	0.0136463
Syt16_mef	0.999741	0.000256861	2.52713e-06
Syt13_mef	0.250515	0.727645	0.0218399
Syt12_mef	0.336962	0.646012	0.0170266
Syt10_mef	0.989942	0.00996495	9.26917e-05
Syt1_mef	0.991344	0.00857729	7.88512e-05
Sypl2_mef	0.912561	0.0863542	0.00108461
Syp_mef	0.953615	0.0458712	0.000513645
Synpr_mef	0.999599	0.000397183	3.73066e-06
Synpo2l_mef	0.999703	0.000294532	2.85233e-06
Synj2_mef	0.151139	0.818647	0.0302135
Syngr4_mef	0.762206	0.234033	0.0037613
Syngr3_mef	0.940191	0.059118	0.000691092
Syne2_mef	0.993379	0.0065615	5.92345e-05
Syne1_mef	0.111833	0.852708	0.0354582
Sync_mef	0.776496	0.220033	0.00347098
Syn3_mef	0.950953	0.0484986	0.000548043
Syn2_mef	0.995221	0.0047374	4.20413e-05
Sycp2_mef	0.999042	0.000949769	8.40972e-06
Sycn_mef	0.89368	0.104946	0.00137307
Svs7_mef	0.999576	0.00041966	3.92195e-06
Svs6_mef	0.999557	0.000439353	4.08934e-06
Svs5_mef	0.95673	0.0427965	0.000473917
Svs4_mef	0.999693	0.000304151	2.93506e-06
Svs3a_mef	0.997943	0.00203934	1.7765e-05
Svs2_mef	0.999653	0.000343546	3.27286e-06
Svop_mef	0.969269	0.0304114	0.000320069
Svep1_mef	0.000158472	0.591417	0.408424
Sval2_mef	0.999793	0.000204787	2.07343e-06
Sval1_mef	0.999623	0.000373753	3.53093e-06
Sva_mef	0.998744	0.00124548	1.09239e-05
Sv2b_mef	0.978886	0.0209044	0.000209567
Susd3_mef	0.946462	0.0529312	0.000606986
Sumo3_mef	0.998797	0.00119214	1.04692e-05
Sult3a1_mef	0.999477	0.000518425	4.76001e-06
Sult2b1_mef	0.986551	0.013322	0.000127185
Sult1e1_mef	0.998543	0.00144395	1.26211e-05
Sult1d1_mef	0.99943	0.000565108	5.15521e-06
Sult1c2_mef	0.983851	0.0159938	0.000155554
Sult1b1_mef	0.999687	0.000310282	2.98775e-06
Sult1a1_mef	0.989129	0.0107697	0.000100834
Sucnr1_mef	0.99963	0.000366886	3.47232e-06
Styxl1_mef	0.944039	0.0553216	0.000639234
Styk1_mef	0.15492	0.815286	0.029794
Stxbp6_mef	0.911648	0.0872534	0.0010982
Stxbp5_mef	0.545929	0.444913	0.00915761
Stxbp4_mef	0.0720867	0.884217	0.0436964
Stx1b1_mef	0.991194	0.00872593	8.03212e-05
Stx1a_mef	0.290315	0.690241	0.019444
Stx19_mef	0.994514	0.00543778	4.85753e-05
Strm_mef	0.997129	0.00284642	2.48662e-05
Strc_mef	0.970524	0.0291708	0.000305247
Stra6_mef	0.911585	0.0873163	0.00109916
Stox2_mef	0.473333	0.515174	0.0114927
Ston2_mef	0.840694	0.157048	0.00225847
Stoml3_mef	0.993103	0.00683494	6.18594e-05
Stmn4_mef	0.678186	0.316191	0.00562303
Stk39_mef	0.155549	0.814726	0.0297254
Stk36_mef	0.808124	0.189021	0.00285488
Stk32c_mef	0.981788	0.0180343	0.000177718
Stk32b_mef	0.981055	0.0187594	0.000185692
Stk32a_mef	0.969916	0.0297712	0.000312406
Stk22s1_mef	0.932725	0.0664816	0.000793854
Stfa3_mef	0.999454	0.000540875	4.95011e-06
Stfa2l1_mef	0.999709	0.00028851	2.80048e-06
Steap4_mef	0.947604	0.0518043	0.000591896
Stc1_mef	0.457948	0.530019	0.0120328
Stbd1_mef	0.00957256	0.890493	0.0999345
Stat5a_mef	0.324676	0.657694	0.0176293
Stat2_mef	0.665192	0.328873	0.00593564
Stard7_mef	0.89305	0.105567	0.00138296
Stard6_mef	0.564123	0.427256	0.00862107
Stard5_mef	0.755034	0.241056	0.00390982
Stard13_mef	0.0382743	0.904306	0.0574193
Star_mef	0.874455	0.123863	0.00168179
Stac3_mef	0.938308	0.0609749	0.000716739
Stac_mef	0.984642	0.0152105	0.000147158
Stab2_mef	0.953587	0.0458995	0.000514013
Stab1_mef	0.934331	0.0648974	0.000771509
St8sia6_mef	0.997364	0.00261294	2.2797e-05
St8sia5_mef	0.91019	0.0886899	0.00112
St8sia4_mef	0.991844	0.00808162	7.3972e-05
St8sia3_mef	0.92972	0.069444	0.000835979
St8sia2_mef	0.151183	0.818608	0.0302086
St7_mef	0.0413141	0.903068	0.0556183
St6galnac5_mef	0.996861	0.00311212	2.72355e-05
St6galnac3_mef	0.994709	0.00524388	4.67577e-05
St6galnac2_mef	0.980578	0.0192308	0.000190903
St6galnac1_mef	0.999554	0.000441753	4.10973e-06
St6gal2_mef	0.999622	0.00037494	3.54105e-06
St3gal6_mef	0.992385	0.00754581	6.87376e-05
St3gal1_mef	0.531694	0.458715	0.00959011
St18_mef	0.997942	0.0020402	1.77725e-05
Sstr5_mef	0.844733	0.153079	0.00218722
Sstr4_mef	0.962636	0.0369641	0.000400187
Sstr3_mef	0.975708	0.0240471	0.000245282
Sstr2_mef	0.98032	0.0194858	0.00019373
Sstr1_mef	0.997928	0.00205424	1.78947e-05
Sst_mef	0.595082	0.39717	0.00774762
Sspo_mef	0.451885	0.535865	0.0122505
Sspn_mef	0.00429406	0.859596	0.13611
Ssh3_mef	0.539177	0.451462	0.00936134
Ssbp2_mef	0.0136969	0.899459	0.0868442
Sry_mef	0.999572	0.000423633	3.95574e-06
Srrp_mef	0.999728	0.000269827	2.63929e-06
Srr_mef	0.2957	0.685154	0.0191458
Srpx2_mef	0.00291314	0.839529	0.157558
Srpx_mef	0.0034842	0.849197	0.147319
Srpk3_mef	0.996437	0.00353199	3.10099e-05
Srms_mef	0.290339	0.690218	0.0194426
Srgap3_mef	0.0602307	0.892433	0.0473359
Srgap1_mef	0.995465	0.00449503	3.9801e-05
Srd5a2l2_mef	0.999619	0.000377314	3.5613e-06
Srd5a2_mef	0.959703	0.0398607	0.000436531
Spz1_mef	0.997016	0.00295765	2.58562e-05
Spty2d1_mef	0.0376067	0.904553	0.0578403
Sptlc3_mef	0.967632	0.0320285	0.00033956
Spt2_mef	0.999396	0.000598339	5.43634e-06
Spt1_mef	0.999267	0.000726607	6.52086e-06
Spsb4_mef	0.689453	0.30519	0.00535752
Spry3_mef	0.998874	0.00111614	9.8223e-06
Sprr3_mef	0.726457	0.269023	0.00452056
Sprr2i_mef	0.998289	0.00169615	1.47902e-05
Sprr2f_mef	0.999321	0.000673249	6.06975e-06
Sprr2d_mef	0.961546	0.03804	0.000413622
Sprr1b_mef	0.999082	0.000910034	8.07299e-06
Sprr1a_mef	0.906006	0.0928109	0.00118305
Sprn_mef	0.99478	0.00517392	4.61035e-05
Spred3_mef	0.300543	0.680575	0.0188823
Spp2_mef	0.997459	0.00251866	2.19648e-05
Spon2_mef	0.558981	0.432249	0.00877093
Spon1_mef	0.985077	0.0147807	0.000142579
Spock3_mef	0.78217	0.214473	0.00335779
Spock1_mef	0.989874	0.010033	9.33773e-05
Spo11_mef	0.974161	0.0255762	0.00026296
Spnb1_mef	0.668106	0.326029	0.00586493
Spn_mef	0.705574	0.28944	0.00498637
Spint4_mef	0.993042	0.00689518	6.24393e-05
Spinlw1_mef	0.981893	0.0179309	0.000176585
Spink8_mef	0.99077	0.00914569	8.44889e-05
Spink5_mef	0.999691	0.000305974	2.95073e-06
Spink4_mef	0.898989	0.0997201	0.00129045
Spink2_mef	0.631606	0.361617	0.00677641
Spink12_mef	0.9844	0.0154507	0.000149727
Spink10_mef	0.994447	0.00550375	4.91952e-05
Spib_mef	0.997305	0.00267168	2.33164e-05
Sphk1_mef	0.00276614	0.836602	0.160632
Spg3a_mef	0.49472	0.49451	0.0107699
Spert_mef	0.895558	0.103098	0.00134372
Spem1_mef	0.613104	0.379635	0.00726069
Speg_mef	0.0129827	0.898323	0.088694
Spef1_mef	0.932909	0.0662995	0.000791279
Speer4b$EG664804_mef	0.999764	0.000234108	2.32958e-06
Spdyb_mef	0.932534	0.0666698	0.000796516
Spdef_mef	0.929618	0.0695448	0.00083742
Spatc1_mef	0.997666	0.00231336	2.01596e-05
Spata9_mef	0.807596	0.189539	0.00286487
Spata4_mef	0.99657	0.00340047	2.98237e-05
Spata3_mef	0.933142	0.0660697	0.000788031
Spata2L_mef	0.768916	0.22746	0.00362405
Spata19_mef	0.999398	0.000596483	5.42064e-06
Spata17_mef	0.97421	0.0255279	0.000262398
Spata16_mef	0.980645	0.0191646	0.00019017
Spata1_mef	0.952542	0.0469307	0.000527467
Sparcl1_mef	0.703577	0.291392	0.0050318
Spam1_mef	0.999547	0.000448738	4.16905e-06
Spag8_mef	0.768342	0.228023	0.00363573
Spag6_mef	0.977103	0.0226679	0.000229504
Spag16_mef	0.996899	0.00307453	2.68994e-05
Spag1_mef	0.994114	0.00583352	5.23052e-05
Spaca4_mef	0.546757	0.44411	0.00913279
Spaca3_mef	0.91631	0.0826605	0.00102915
Spaca1_mef	0.99527	0.0046889	4.15921e-05
Spa17_mef	0.994102	0.00584524	5.2416e-05
Sp8_mef	0.998985	0.00100592	8.88599e-06
Sp7_mef	0.713927	0.281275	0.00479804
Sp6_mef	0.852751	0.145201	0.00204758
Sp5_mef	0.963228	0.036379	0.000392912
Sp4_mef	0.8973	0.101383	0.00131661
Sp100_mef	0.994457	0.00549354	4.90992e-05
Sox9_mef	0.653912	0.339876	0.00621266
Sox8_mef	0.995408	0.00455198	4.03264e-05
Sox7_mef	0.992944	0.00699269	6.33791e-05
Sox6_mef	0.940974	0.0583458	0.000680481
Sox5_mef	0.943497	0.0558568	0.000646498
Sox30_mef	0.999546	0.000449793	4.17801e-06
Sox18_mef	0.979658	0.0201405	0.000201016
Sox17_mef	0.894112	0.104522	0.00136631
Sox1_mef	0.979889	0.0199124	0.000198473
Sostdc1_mef	0.99077	0.00914553	8.44873e-05
Sorcs3_mef	0.80764	0.189496	0.00286404
Sorcs2_mef	0.000304372	0.659538	0.340157
Sorcs1_mef	0.992877	0.00705925	6.40214e-05
Sorbs2_mef	0.760449	0.235754	0.00379751
Sohlh1_mef	0.96145	0.0381349	0.00041481
Sod3_mef	0.0657544	0.888709	0.0455364
Socs1_mef	0.682889	0.3116	0.00551159
Sobp_mef	0.909789	0.0890849	0.00112601
Soat2_mef	0.949435	0.0499974	0.000567848
Snx26_mef	0.957352	0.0421821	0.000466048
Snx22_mef	0.913501	0.0854287	0.00107065
Snx21_mef	0.123546	0.84276	0.0336942
Sntg2_mef	0.981959	0.0178649	0.000175863
Sntg1_mef	0.993213	0.00672667	6.08186e-05
Sntb1_mef	0.96288	0.0367229	0.000397185
Snf1lk_mef	0.940728	0.0585882	0.000683809
Sncg_mef	0.910127	0.0887518	0.00112094
Sncaip_mef	0.992497	0.00743562	6.76664e-05
Snca_mef	0.744786	0.251089	0.00412534
Snapc5_mef	0.998612	0.00137631	1.20417e-05
Snap25_mef	0.999747	0.000250441	2.47149e-06
Snai2_mef	0.000151571	0.586623	0.413225
Snai1_mef	0.0032612	0.845706	0.151032
Smyd1_mef	0.870571	0.127683	0.00174593
Smtnl1_mef	0.988441	0.0114516	0.000107799
Smr2_mef	0.956281	0.0432389	0.000479598
Smpx_mef	0.999414	0.000580499	5.28544e-06
Smpdl3a_mef	0.0118872	0.896294	0.0918188
Smpd3_mef	0.973275	0.0264521	0.000273171
Smok3a_mef	0.991453	0.00846879	7.77802e-05
Smoc2_mef	3.04572e-06	0.209714	0.790283
Smcp_mef	0.996686	0.00328491	2.87843e-05
Smarca2_mef	0.0826273	0.876328	0.0410451
Sln_mef	0.996062	0.00390339	3.43786e-05
Slmo1_mef	0.451384	0.536347	0.0122686
Slitrk6_mef	0.997951	0.00203155	1.76971e-05
Slitrk5_mef	0.987536	0.0123467	0.000117025
Slitrk4_mef	0.997512	0.00246673	2.15073e-05
Slitrk3_mef	0.980416	0.0193915	0.000192683
Slitrk2_mef	0.939704	0.059598	0.000697704
Slitrk1_mef	0.998925	0.0010658	9.39434e-06
Slit3_mef	3.99876e-05	0.441355	0.558605
Slit1_mef	0.740375	0.255406	0.0042193
Slfnl1_mef	0.71581	0.279434	0.00475596
Slfn9_mef	0.820432	0.176943	0.00262495
Slfn8_mef	0.993135	0.00680383	6.15602e-05
Slfn5_mef	0.997628	0.00235196	2.04983e-05
Slfn4$Slfn3_mef	0.999217	0.000775684	6.93587e-06
Slfn3$Slfn3_mef	0.999596	0.000400132	3.75576e-06
Slfn2_mef	0.4502	0.537488	0.0123115
Slfn10_mef	0.999391	0.000603465	5.47969e-06
Slfn1_mef	0.998995	0.000996675	8.8075e-06
Slco6c1_mef	0.997866	0.00211509	1.84252e-05
Slco6b1_mef	0.999113	0.000879561	7.81489e-06
Slco5a1_mef	0.956172	0.0433475	0.000480994
Slco4c1_mef	0.999364	0.000630683	5.70987e-06
Slco3a1_mef	0.00867739	0.887493	0.103829
Slco2a1_mef	0.0766657	0.880846	0.0424886
Slco1c1_mef	0.99852	0.0014667	1.28162e-05
Slco1b2_mef	0.998721	0.00126766	1.11132e-05
Slco1a6_mef	0.999015	0.000976237	8.63414e-06
Slco1a5_mef	0.991876	0.00805039	7.36658e-05
Slco1a4_mef	0.468466	0.519872	0.0116617
Slco1a1_mef	0.970673	0.0290232	0.00030349
