Loci	ips_0	ips_1	ips_2
p	0.980757	0.0190112	0.000231484
a	0.974872	0.024815	0.000312747
Zxdb	0.780572	0.215185	0.00424373
Zswim5	0.895318	0.103009	0.00167363
Zswim2	0.998134	0.00184655	1.95334e-05
Zscan20	0.676631	0.316247	0.00712268
Zscan2	0.964714	0.0348245	0.00046113
Zpbp2	0.992612	0.00730725	8.10905e-05
Zpbp	0.98809	0.0117745	0.000136034
Zp3r	0.995787	0.00416781	4.47971e-05
Zp3	0.813337	0.183218	0.003445
Zp2	0.996592	0.00337195	3.59667e-05
Zp1	0.986931	0.0129187	0.000150636
Znrf4	0.972082	0.0275651	0.000352535
Zmynd15	0.963032	0.0364816	0.000486601
Zmynd12	0.98834	0.0115272	0.000132906
Zmynd10	0.873062	0.124817	0.00212143
Zmiz1	0.849602	0.147777	0.00262063
Zmat4	0.984095	0.0157179	0.000187164
Zmat1	0.972826	0.0268321	0.000341853
Zkscan6	0.971266	0.0283697	0.000364321
Zim1	0.995059	0.00488822	5.29283e-05
Zic4	0.994424	0.00551573	6.01112e-05
Zic1	0.997547	0.00242743	2.5711e-05
Zhx3	0.887719	0.110458	0.00182362
Zhx2	0.725158	0.269131	0.0057117
Zfyve28	0.619604	0.371454	0.00894254
Zfyve27	0.555493	0.433284	0.0112231
Zfyve16	0.606425	0.384185	0.00938991
Zfy1	0.984786	0.0150355	0.000178157
Zfpm2	0.805706	0.190668	0.00362647
Zfp94	0.94333	0.0558687	0.000801289
Zfp92	0.961628	0.0378637	0.000508028
Zfp9	0.80523	0.191132	0.00363787
Zfp82	0.581629	0.40811	0.010261
Zfp811	0.916362	0.0823632	0.0012746
Zfp804a	0.999435	0.000558677	6.18054e-06
Zfp787$LOC100041228	0.807562	0.188856	0.00358206
Zfp786	0.974735	0.0249506	0.000314691
Zfp784	0.960241	0.0392299	0.000529372
Zfp78	0.947594	0.051675	0.000730763
Zfp768	0.629932	0.361469	0.0085992
Zfp759	0.940213	0.0589338	0.000853636
Zfp750	0.773286	0.222286	0.00442829
Zfp75	0.519363	0.468003	0.0126337
Zfp711	0.975521	0.0241753	0.000303606
Zfp709	0.989268	0.0106107	0.000121393
Zfp708	0.975436	0.0242596	0.000304809
Zfp697	0.961968	0.0375291	0.000502826
Zfp689	0.541425	0.446814	0.0117607
Zfp677	0.585363	0.40451	0.0101273
Zfp672	0.98321	0.0165916	0.000198786
Zfp661	0.700238	0.293341	0.00642118
Zfp653	0.500905	0.485701	0.0133938
Zfp629	0.841656	0.155548	0.00279584
Zfp619	0.835582	0.161486	0.00293182
Zfp612	0.905422	0.093099	0.00147897
Zfp608	0.889549	0.108663	0.00178721
Zfp606	0.55495	0.433806	0.0112436
Zfp597	0.654822	0.337381	0.00779712
Zfp595	0.764936	0.230422	0.00464292
Zfp59	0.997825	0.00215236	2.2773e-05
Zfp583	0.694947	0.298477	0.00657586
Zfp563	0.955346	0.0440481	0.000605884
Zfp551	0.953772	0.0455974	0.000630887
Zfp541	0.820754	0.175975	0.00327127
Zfp536	0.995756	0.00419882	4.51445e-05
Zfp53$LOC100044273	0.537538	0.45055	0.0119119
Zfp524	0.60065	0.389761	0.0095893
Zfp521	0.99255	0.0073683	8.1817e-05
Zfp52	0.989254	0.0106247	0.000121567
Zfp509	0.678986	0.313963	0.00705138
Zfp503	0.695874	0.297577	0.00654865
Zfp474	0.938222	0.0608907	0.000887403
Zfp467	0.982817	0.0169793	0.000203975
Zfp458	0.996133	0.00382589	4.09831e-05
Zfp455	0.999418	0.000576106	6.35931e-06
Zfp454	0.638204	0.353468	0.00832872
Zfp40	0.983464	0.0163405	0.000195435
Zfp398	0.90233	0.0961317	0.00153794
Zfp39	0.905758	0.0927691	0.00147259
Zfp358	0.629391	0.361992	0.00861703
Zfp354b	0.990843	0.00905529	0.000102173
Zfp334	0.993501	0.00642795	7.07095e-05
Zfp324	0.848293	0.149057	0.00264927
Zfp319	0.773491	0.222086	0.00442306
Zfp316	0.980198	0.019563	0.000239043
Zfp30	0.785199	0.210673	0.00412784
Zfp3	0.832952	0.164057	0.00299127
Zfp287	0.957559	0.0418696	0.000571054
Zfp286	0.735656	0.258921	0.0054221
Zfp282	0.735355	0.259215	0.00543035
Zfp28	0.961791	0.0377035	0.000505537
Zfp276	0.667345	0.325248	0.00740669
Zfp273	0.619647	0.371412	0.00894107
Zfp27	0.765192	0.230172	0.00463629
Zfp248	0.964512	0.0350239	0.000464183
Zfp213	0.663586	0.328891	0.007523
Zfp202	0.924818	0.0740609	0.00112137
Zfp2	0.9109	0.0877243	0.00137579
Zfp189	0.951772	0.0475653	0.000662916
Zfp182	0.721878	0.272318	0.00580328
Zfp179	0.952176	0.0471673	0.000656414
Zfp169	0.535281	0.452719	0.0120001
Zfp142	0.818387	0.178287	0.00332642
Zfp14	0.986732	0.0131152	0.000153164
Zfp128	0.814044	0.182528	0.00342832
Zfp119	0.849894	0.147492	0.00261425
Zfp113	0.92847	0.0704735	0.00105651
Zfp112	0.674854	0.317969	0.00717667
Zfp111	0.716768	0.277284	0.00594705
Zfp11	0.573981	0.415481	0.0105377
Zfp109	0.779931	0.215809	0.00425987
Zfp108	0.97566	0.0240384	0.000301656
Zfhx4	0.992194	0.00771967	8.60127e-05
Zfat1	0.782922	0.212893	0.00418472
Zer1	0.995194	0.00475447	5.14092e-05
Zeb2	0.991273	0.00863041	9.69969e-05
Zdhhc25	0.992686	0.00723376	8.02169e-05
Zdhhc22	0.63679	0.354835	0.00837465
Zdhhc2	0.801547	0.194727	0.00372654
Zdhhc19	0.997614	0.00236097	2.49991e-05
Zdhhc17	0.507055	0.479807	0.0131374
Zdhhc14	0.983729	0.0160789	0.000191953
Zdhhc11	0.993601	0.00632983	6.95609e-05
Zcchc5	0.966579	0.0329877	0.000433186
Zcchc4	0.583092	0.406699	0.0102085
Zcchc18	0.860148	0.137459	0.00239284
Zc3hav1	0.59563	0.394605	0.00976432
Zc3h7a	0.648531	0.343472	0.00799653
Zc3h6	0.915975	0.0827436	0.00128172
Zc3h12d	0.995547	0.00440594	4.74708e-05
Zbtb8os	0.981818	0.0179649	0.000217254
Zbtb7c	0.726769	0.267564	0.0056669
Zbtb46	0.841097	0.156095	0.00280827
Zbtb4	0.705444	0.288286	0.00627036
Zbtb38	0.879142	0.118861	0.00199655
Zbtb37	0.996001	0.00395683	4.24401e-05
Zbtb20	0.874989	0.122929	0.00208165
Zbtb16	0.916436	0.0822911	0.00127325
Zbed3	0.565237	0.423904	0.0108589
Zan	0.916903	0.0818319	0.00126466
Ypel4	0.993724	0.00620804	6.81381e-05
Ypel1	0.67346	0.319321	0.00721914
Yod1	0.948198	0.0510811	0.000720879
Xtrp3s1	0.999618	0.000377742	4.31976e-06
Xpnpep2	0.529337	0.458428	0.0122344
Xkrx	0.98883	0.0110433	0.000126809
Xkr6	0.975791	0.0239095	0.000299821
Xkr4	0.999474	0.000520183	5.78555e-06
Xk	0.947314	0.0519504	0.000735354
Xirp1	0.976608	0.0231037	0.000288393
Xdh	0.973423	0.026244	0.000333325
Xcr1	0.992427	0.00749001	8.32676e-05
Xcl1	0.993204	0.0067214	7.41564e-05
Wwox	0.670142	0.322537	0.00732065
Wscd1	0.684223	0.308883	0.00689387
Wnt9b	0.949674	0.0496294	0.000696833
Wnt9a	0.826584	0.17028	0.00313655
Wnt8b	0.998776	0.00121114	1.2893e-05
Wnt8a	0.996524	0.00343885	3.67024e-05
Wnt6	0.552349	0.436309	0.011342
Wnt5b	0.980455	0.0193097	0.000235568
Wnt5a	0.949477	0.0498232	0.000700035
Wnt4	0.549579	0.438974	0.0114474
Wnt3a	0.909916	0.0886895	0.00139419
Wnt2b	0.990859	0.00903897	0.000101974
Wnt2	0.988916	0.0109582	0.000125741
Wnt16	0.917403	0.0813418	0.00125551
Wnt11	0.665065	0.327458	0.00747714
Wnt10b	0.849121	0.148248	0.00263115
Wnt10a	0.971217	0.0284184	0.000365037
Wnt1	0.988869	0.0110051	0.00012633
Wnk4	0.986368	0.013474	0.000157794
Wnk2	0.632662	0.358828	0.00850948
Wisp1	0.519912	0.467476	0.0126116
Wipi1	0.681983	0.311056	0.00696108
Wif1	0.999554	0.00044084	4.97021e-06
Whrn	0.596301	0.393958	0.00974085
Whdc1	0.809018	0.187435	0.00354737
Wfikkn2	0.846479	0.150832	0.00268913
Wfdc6a	0.996008	0.0039499	4.23629e-05
Wfdc5	0.919927	0.0788632	0.00120947
Wfdc3	0.947677	0.0515933	0.000729402
Wfdc15b	0.935656	0.0634128	0.000931311
Wfdc12	0.79634	0.199807	0.00385296
Wee2	0.998856	0.00113194	1.20736e-05
Wdr86	0.90376	0.0947294	0.00151061
Wdr78	0.979638	0.0201151	0.000246641
Wdr69	0.998628	0.00135783	1.44154e-05
Wdr63	0.998905	0.00108323	1.15704e-05
Wdr60	0.579372	0.410286	0.0103423
Wdr5b	0.987898	0.0119632	0.000138429
Wdr38	0.671736	0.320992	0.00727181
Wdr27	0.970246	0.0293752	0.00037914
Wdr22	0.839988	0.157179	0.002833
Wdr20b	0.997808	0.00216916	2.29518e-05
Wdr19	0.95215	0.0471929	0.000656833
Wdr17	0.997197	0.00277336	2.94377e-05
Wdr16	0.993547	0.00638312	7.01845e-05
Wbscr28	0.835645	0.161424	0.0029304
Was	0.90218	0.0962792	0.00154082
Wars2	0.715885	0.278143	0.00597204
Wap	0.963175	0.0363402	0.000484419
Vwf	0.755639	0.239475	0.00488583
Vwc2	0.998285	0.00169689	1.79585e-05
Vwa2	0.996362	0.0035994	3.84733e-05
Vwa1	0.911723	0.0869164	0.00136043
Vtn	0.991033	0.00886667	9.98714e-05
Vti1a	0.639841	0.351884	0.00827566
Vtcn1	0.995799	0.00415637	4.4669e-05
Vsx1	0.969739	0.0298749	0.000386542
Vstm2	0.999461	0.000533147	5.9186e-06
Vsnl1	0.983573	0.0162335	0.00019401
Vsig8	0.99835	0.00163228	1.72806e-05
Vsig2	0.851082	0.14633	0.00258833
Vsig1	0.997378	0.00259482	2.75099e-05
Vps37d	0.75035	0.244624	0.00502587
Vps13c	0.969897	0.029719	0.00038423
Vpreb3	0.558402	0.430484	0.0111137
Vpreb1	0.713258	0.280695	0.00604657
Vnn3	0.777984	0.217707	0.00430899
Vnn1	0.985614	0.0142186	0.000167461
Vldlr	0.971332	0.0283046	0.000363364
Vit	0.996936	0.00303168	3.22429e-05
Vipr2	0.988607	0.0112631	0.000129575
Vipr1	0.995269	0.00468077	5.0574e-05
Vip	0.998364	0.00161924	1.7144e-05
Vil1	0.992211	0.00770298	8.58128e-05
Vgll2	0.985096	0.0147294	0.000174138
Vgll1	0.990867	0.00903107	0.000101878
Vgf	0.720377	0.273777	0.00584538
Vezt	0.770643	0.224862	0.00449587
Veph1	0.995157	0.00479151	5.18294e-05
Vdr	0.934003	0.0650373	0.000959821
Vcan	0.550476	0.438111	0.0114132
Vax1	0.962231	0.0372697	0.0004988
Vav3	0.990656	0.0092394	0.000104426
Vav1	0.998166	0.00181499	1.92007e-05
Vash2	0.771835	0.223699	0.00446533
Vamp5	0.882331	0.115737	0.00193181
Vamp1	0.845698	0.151596	0.00270632
V2r16	0.999229	0.000762554	8.27122e-06
V1rd9	0.998312	0.00167021	1.76784e-05
V1rd6	0.805945	0.190434	0.00362073
V1rd4	0.997457	0.00251631	2.66651e-05
V1rd3	0.996722	0.00324361	3.45584e-05
V1rc8$V1rc22	0.999224	0.000767532	8.32229e-06
V1rc7	0.999541	0.000453734	5.10286e-06
V1rc6	0.999505	0.000490022	5.47585e-06
V1rc5	0.999579	0.000416668	4.72131e-06
V1rc3	0.999776	0.000220832	2.68422e-06
V1rc22	0.999752	0.0002453	2.942e-06
V1rc2	0.999469	0.000525139	5.83642e-06
V1rc1	0.997495	0.00247884	2.62626e-05
V1rb8	0.999448	0.000545958	6.05007e-06
V1rb7	0.999153	0.000838112	9.04682e-06
V1rb6	0.895225	0.1031	0.00167544
V1rb5	0.999515	0.000479429	5.36702e-06
V1rb3	0.994268	0.00567012	6.18921e-05
V1rb2	0.999515	0.00047979	5.37072e-06
V1rb10	0.99932	0.000672663	7.34932e-06
V1rb1	0.999556	0.000439159	4.95291e-06
V1ra9	0.996481	0.00348153	3.71725e-05
V1ra6	0.993261	0.00666526	7.34955e-05
V1ra5	0.999609	0.000387083	4.41621e-06
V1ra4$V1ra3	0.999663	0.000332715	3.8538e-06
V1ra2	0.999664	0.000331892	3.84526e-06
V1ra1	0.999675	0.000321205	3.73435e-06
Uty	0.998704	0.00128286	1.36366e-05
Uts2r	0.974342	0.025338	0.000320253
Uts2	0.993767	0.00616529	6.76394e-05
Usp9y	0.981663	0.0181175	0.000219321
Usp53	0.708591	0.285229	0.00617987
Usp50	0.990686	0.00921022	0.000104069
Usp43	0.972365	0.0272862	0.000348464
Usp29	0.995304	0.00464581	5.01782e-05
Usp25	0.583938	0.405883	0.0101782
Usp20	0.816565	0.180066	0.00336906
Usp13	0.838153	0.158973	0.00287405
Ushbp1	0.757586	0.237579	0.00483459
Ush2a	0.97875	0.0209911	0.000258774
Ush1c	0.955389	0.0440063	0.000605212
Uqcrq	0.88627	0.111878	0.00185257
Upp2	0.99761	0.00236528	2.50452e-05
Upk3b	0.979752	0.0200028	0.000245092
Upk3a	0.918846	0.0799253	0.00122916
Upk1b	0.934219	0.0648248	0.000956081
Upk1a	0.638605	0.353079	0.00831571
Upb1	0.927248	0.0716735	0.00107811
Uox	0.947051	0.0522088	0.000739669
Uncx4.1	0.998145	0.00183512	1.9413e-05
Unc5d	0.999169	0.000821928	8.88061e-06
Unc5cl	0.990543	0.00935101	0.000105795
Unc5c	0.898809	0.0995855	0.00160575
Unc45b	0.998157	0.00182346	1.929e-05
Unc13d	0.875333	0.122592	0.00207455
Unc13c	0.998242	0.00173922	1.84033e-05
Unc13a	0.967537	0.0320445	0.000418957
Umodl1	0.998024	0.00195517	2.06809e-05
Umod	0.999637	0.000359022	4.12626e-06
Ulk2	0.697375	0.29612	0.00650469
Ugt3a2	0.988661	0.0112106	0.000128913
Ugt2b5	0.999683	0.000313435	3.65364e-06
Ugt2b38	0.997992	0.00198659	2.10135e-05
Ugt2b37	0.999295	0.000696928	7.59812e-06
Ugt2b36	0.99835	0.0016328	1.72861e-05
Ugt2b35	0.999591	0.000404654	4.59748e-06
Ugt2b34	0.998881	0.00110705	1.18163e-05
Ugt2b1	0.999006	0.000983753	1.05446e-05
Ugt2a3	0.999525	0.000470186	5.27203e-06
Ugt2a1	0.999279	0.000713581	7.76889e-06
Ugcgl2	0.855633	0.141877	0.00248969
Ucp3	0.559931	0.429013	0.0110564
Ucp1	0.988124	0.0117404	0.000135603
Ucn3	0.994323	0.00561564	6.1263e-05
Ucn	0.940843	0.0583136	0.000842991
Uchl4$Uchl3	0.999647	0.000348501	4.01737e-06
Ubxd3	0.941997	0.0571793	0.00082359
Ubqlnl	0.917323	0.0814201	0.00125697
Ubqln3	0.999581	0.00041447	4.69866e-06
Ubl4b	0.985041	0.0147844	0.00017486
Ube2u	0.994582	0.00536012	5.83215e-05
Ube2m	0.497968	0.488515	0.0135174
Ube2l6	0.998077	0.00190286	2.01278e-05
Ubd	0.997951	0.0020277	2.1449e-05
Ubash3a	0.795319	0.200803	0.00387791
Tyrp1	0.998552	0.00143326	1.52007e-05
Tyrobp	0.983176	0.0166248	0.000199228
Tyr	0.998787	0.00120047	1.27825e-05
Tyms	0.985707	0.014127	0.000166268
Tyki	0.98828	0.0115862	0.000133651
Txnl6	0.878154	0.119829	0.00201672
Txndc8	0.922779	0.0760634	0.00115793
Txndc3	0.997811	0.00216631	2.29215e-05
Txndc2	0.903555	0.0949306	0.00151452
Txlnb	0.801002	0.195258	0.0037397
Txk	0.997382	0.00259054	2.74637e-05
Tusc5	0.982232	0.0175559	0.000211729
Tulp2	0.836321	0.160764	0.0029152
Tulp1	0.753104	0.241943	0.00495278
Tubd1	0.554294	0.434437	0.0112683
Tubb4	0.797939	0.198247	0.00381401
Tubb1	0.968515	0.0310809	0.000404505
Tuba8	0.845071	0.152209	0.00272017
Tub	0.961606	0.0378858	0.000508373
Ttyh1$Taf1	0.869181	0.128617	0.00220213
Ttn	0.808008	0.188421	0.00357143
Ttll9	0.65197	0.340143	0.00788726
Ttll3	0.978128	0.0216046	0.000267323
Ttll13	0.989057	0.0108187	0.000123993
Ttll11	0.935798	0.0632735	0.000928874
Ttll10	0.985584	0.0142486	0.000167852
Ttl	0.511507	0.475539	0.0129538
Ttc9b	0.708729	0.285095	0.00617591
Ttc9	0.550459	0.438127	0.0114138
Ttc7	0.877546	0.120425	0.00202915
Ttc29	0.659263	0.333079	0.00765768
Ttc25	0.952066	0.047276	0.000658189
Ttc23	0.771538	0.223989	0.00447294
Ttc22	0.975716	0.0239832	0.000300871
Ttc21a	0.903961	0.0945323	0.00150677
Ttc17	0.552932	0.435748	0.0113199
Ttc16	0.98832	0.0115473	0.000133159
Tsx	0.636613	0.355007	0.00838044
Tssk6	0.968264	0.0313277	0.000408199
Tssk5	0.669513	0.323147	0.00733995
Tssk4	0.996525	0.00343819	3.66952e-05
Tssk3	0.99108	0.00882061	9.93101e-05
Tssk2	0.995655	0.00429838	4.62614e-05
Tssk1	0.877614	0.120358	0.00202776
Tspyl5	0.992243	0.00767132	8.5434e-05
Tspyl3	0.829646	0.167287	0.00306645
Tspan8	0.942223	0.0569568	0.000819796
Tspan33	0.919621	0.0791643	0.00121505
Tspan11	0.983829	0.0159805	0.000190646
Tspan10	0.940818	0.0583388	0.000843423
Tspan1	0.801491	0.194782	0.00372789
Tsnaxip1	0.968374	0.0312199	0.000406583
Tsku	0.902454	0.0960105	0.00153557
Tshz3	0.975347	0.0243474	0.000306061
Tshz2	0.978272	0.0214631	0.000265347
Tshr	0.998159	0.00182215	1.92763e-05
Tshb	0.987027	0.0128239	0.000149419
Tsga13	0.998299	0.00168306	1.78133e-05
Tsga10	0.680899	0.312107	0.00699369
Tsc22d3	0.561582	0.427423	0.0109947
Trpv6	0.855329	0.142175	0.00249626
Trpv4	0.856357	0.141169	0.0024741
Trpv2	0.780085	0.215659	0.00425598
Trpv1	0.998666	0.00131955	1.40176e-05
Trpm8	0.999532	0.000463299	5.20122e-06
Trpm6	0.910413	0.0882017	0.00138489
Trpm5	0.98192	0.0178642	0.000215891
Trpm3	0.998513	0.00147154	1.55998e-05
Trpm2	0.632042	0.359428	0.00852981
Trpm1	0.9804	0.0193633	0.000236303
Trpd52l3	0.864246	0.133448	0.00230581
Trpc6	0.999603	0.000392818	4.4754e-06
Trpc5	0.999138	0.000852425	9.19384e-06
Trpc4	0.969109	0.0304953	0.000395766
Trpc3	0.972892	0.0267668	0.000340905
Trpc1	0.867609	0.130156	0.00223501
Trpa1	0.875062	0.122858	0.00208015
Trp73	0.906729	0.091817	0.0014542
Trp63	0.993626	0.00630454	6.92652e-05
Trmt12	0.993815	0.00611804	6.70887e-05
Trim9	0.98482	0.0150018	0.000177715
Trim75	0.998835	0.00115223	1.22833e-05
Trim7	0.938041	0.061069	0.000890493
Trim69	0.996514	0.00344895	3.68136e-05
Trim68	0.791466	0.204561	0.00397249
Trim66	0.996782	0.00318398	3.39057e-05
Trim65	0.962866	0.0366447	0.000489121
Trim63	0.816884	0.179755	0.00336159
Trim62	0.871948	0.125907	0.00214451
Trim60$Trim60	0.807409	0.189006	0.00358573
Trim60	0.820656	0.176071	0.00327355
Trim47	0.581986	0.407766	0.0102482
Trim46	0.746948	0.247936	0.00511669
Trim42	0.997649	0.00232681	2.46336e-05
Trim40	0.850107	0.147283	0.00260958
Trim31	0.997301	0.00267025	2.83232e-05
Trim30$AI451617	0.97841	0.0213264	0.000263441
Trim29	0.901394	0.0970498	0.0015559
Trim16	0.792396	0.203654	0.0039496
Trim14	0.999316	0.000676381	7.38745e-06
Trim10	0.986196	0.0136443	0.000159998
Trib2	0.969221	0.0303846	0.000394117
Trib1	0.647889	0.344094	0.00801703
Trhr2	0.877061	0.1209	0.00203908
Trhr	0.999216	0.000775219	8.40118e-06
Trhde	0.999657	0.000338975	3.91869e-06
Trex2	0.795321	0.200801	0.00387787
Treml4	0.998953	0.00103577	1.10807e-05
Treml2$LOC100047904	0.990533	0.00936108	0.000105919
Treml1	0.651815	0.340293	0.00789217
Trem3	0.95078	0.0485408	0.000678905
Trem1	0.985905	0.0139312	0.00016372
Treh	0.997695	0.00228077	2.41417e-05
Trat1	0.997088	0.00288099	3.06041e-05
Traf6	0.75607	0.239055	0.00487446
Traf5	0.951851	0.0474869	0.000661635
Traf3ip3	0.978127	0.0216061	0.000267343
Traf1	0.98479	0.0150314	0.000178104
Tpte	0.788419	0.207534	0.0040478
Tpsg1	0.910072	0.0885366	0.00139127
Tpsb2	0.982066	0.0177198	0.00021394
Tpsab1	0.984081	0.015732	0.00018735
Tppp	0.99955	0.000445291	5.016e-06
Tpo	0.652384	0.339742	0.00787416
Tph1	0.992223	0.00769123	8.56722e-05
Tpcn2	0.946524	0.0527277	0.000748345
Tpbpb	0.999247	0.000744426	8.08525e-06
Tpbpa	0.999102	0.00088892	9.56886e-06
Tpbg	0.514963	0.472225	0.0128124
Tox3	0.966714	0.0328552	0.000431182
Tox2	0.975087	0.0246034	0.000309719
Tor3a$LOC100047963	0.715804	0.278222	0.00597434
Tnxb	0.977712	0.0220153	0.00027307
Tns4	0.943274	0.0559234	0.000802219
Tnrc4	0.641587	0.350194	0.00821923
Tnp1	0.998005	0.00197399	2.088e-05
Tnnt3	0.996524	0.00343924	3.67067e-05
Tnnt2	0.988572	0.0112979	0.000130012
Tnni3k	0.985326	0.0145024	0.000171167
Tnni3	0.863014	0.134655	0.0023319
Tnni2	0.987165	0.0126869	0.000147663
Tnni1	0.90526	0.0932581	0.00148205
Tnnc2	0.986897	0.0129522	0.000151067
Tnnc1	0.874211	0.123692	0.0020977
Tnn	0.775968	0.219672	0.00436006
Tnmd	0.994599	0.00534261	5.81205e-05
Tnk1	0.790888	0.205125	0.00398673
Tnfsf8	0.972233	0.0274165	0.000350366
Tnfsf4	0.977907	0.021823	0.000270377
Tnfsf14	0.991808	0.00810134	9.0597e-05
Tnfsf13b	0.991952	0.00795917	8.88861e-05
Tnfsf11	0.847399	0.149932	0.00266889
Tnfsf10	0.990693	0.00920337	0.000103985
Tnfrsf9	0.926214	0.0726892	0.00109647
Tnfrsf8	0.934116	0.0649263	0.000957867
Tnfrsf25	0.962788	0.0367221	0.000490318
Tnfrsf19	0.741802	0.252943	0.00525511
Tnfrsf18	0.96997	0.0296467	0.000383159
Tnfrsf17	0.990049	0.0098393	0.000111809
Tnfrsf14	0.971169	0.0284656	0.00036573
Tnfrsf13c	0.903829	0.0946621	0.0015093
Tnfrsf13b	0.993947	0.00598786	6.55739e-05
Tnfrsf11b	0.982743	0.0170522	0.000204952
Tnfrsf11a	0.910095	0.088514	0.00139084
Tnfrsf10b	0.97247	0.0271828	0.000346957
Tnfaip8l2	0.933782	0.0652547	0.00096365
Tnfaip3	0.755491	0.239619	0.00488971
Tnf	0.677289	0.315608	0.00710273
Tmub1	0.52771	0.459991	0.0122991
Tmtc2	0.973399	0.026267	0.000333656
Tmtc1	0.984781	0.0150411	0.000178232
Tmprss4	0.854539	0.142947	0.00251331
Tmprss3	0.895181	0.103142	0.00167629
Tmprss2	0.982019	0.0177669	0.000214576
Tmprss13	0.980385	0.019378	0.000236504
Tmprss11f	0.99942	0.000573965	6.33735e-06
Tmprss11e	0.999689	0.000307846	3.59554e-06
Tmprss11d	0.999385	0.000608032	6.6867e-06
Tmprss11a	0.999312	0.000681009	7.4349e-06
Tmod4	0.992709	0.00721111	7.99478e-05
Tmod2$LOC100048637	0.990002	0.00988558	0.000112381
Tmigd1	0.999428	0.00056568	6.25237e-06
Tmie	0.961149	0.0383358	0.000515386
Tmhs	0.988595	0.0112757	0.000129732
Tmem91	0.977639	0.0220868	0.000274072
Tmem90a	0.830615	0.166341	0.00304436
Tmem86b	0.993156	0.00676968	7.47252e-05
Tmem82	0.9006	0.0978285	0.00157116
Tmem80	0.790667	0.205341	0.0039922
Tmem74	0.99459	0.00535159	5.82236e-05
Tmem71	0.993208	0.0067178	7.4114e-05
Tmem67	0.990868	0.00903047	0.00010187
Tmem63c	0.970356	0.0292668	0.000377539
Tmem62	0.794399	0.2017	0.00390042
Tmem59	0.999529	0.000466182	5.23087e-06
Tmem56	0.998454	0.00152959	1.6206e-05
Tmem54	0.973058	0.0266034	0.000338532
Tmem53	0.688952	0.304295	0.00675292
Tmem46	0.893204	0.105081	0.00171504
Tmem45b	0.903926	0.0945664	0.00150744
Tmem44	0.977881	0.0218481	0.000270727
Tmem38a	0.748664	0.246265	0.00507081
Tmem35	0.91817	0.0805889	0.00124149
Tmem28	0.997945	0.00203391	2.15148e-05
Tmem27	0.999695	0.00030103	3.52462e-06
Tmem26	0.999444	0.000550394	6.09557e-06
Tmem25	0.90766	0.090903	0.00143661
Tmem184a	0.910587	0.0880318	0.00138165
Tmem182	0.998158	0.00182289	1.9284e-05
Tmem178	0.995994	0.0039634	4.25134e-05
Tmem174	0.995232	0.00471689	5.09831e-05
Tmem17	0.978928	0.0208159	0.00025634
Tmem16d	0.997833	0.00214403	2.26843e-05
Tmem16c	0.984677	0.0151438	0.000179583
Tmem16a	0.860494	0.13712	0.00238546
Tmem169	0.997471	0.00250274	2.65193e-05
Tmem166	0.93591	0.063163	0.000926943
Tmem162	0.979994	0.0197639	0.000241803
Tmem154	0.997709	0.0022673	2.39979e-05
Tmem144	0.757846	0.237327	0.00482779
Tmem143$2900057H02Rik	0.621159	0.369951	0.00889043
Tmem142b	0.931316	0.0676774	0.00100653
Tmem140	0.975453	0.0242429	0.00030457
Tmem139	0.975165	0.0245265	0.000308619
Tmem132e	0.98771	0.0121488	0.00014079
Tmem130	0.994846	0.00509851	5.53253e-05
Tmem125	0.881315	0.116733	0.00195238
Tmem119	0.667539	0.325061	0.00740072
Tmem118	0.888184	0.110001	0.00181435
Tmem117	0.945718	0.05352	0.000761633
Tmem116	0.832476	0.164522	0.00300205
Tmem112	0.529242	0.45852	0.0122382
Tmem108$LOC100045503	0.887696	0.11048	0.00182407
Tmem104	0.994626	0.00531667	5.78228e-05
Tmem103	0.78245	0.213354	0.00419657
Tmem100	0.996612	0.00335203	3.57478e-05
Tmem10	0.953007	0.0463496	0.000643094
Tmeff2	0.961305	0.0381816	0.000512981
Tmco5	0.99793	0.00204859	2.16705e-05
Tmco4	0.626789	0.364508	0.00870299
Tmco3	0.628875	0.362491	0.00863404
Tmcc2	0.518569	0.468765	0.0126659
Tmc7	0.609189	0.381516	0.0092952
Tmc5	0.98419	0.0156239	0.000185919
Tmc2	0.992749	0.00717147	7.94773e-05
Tmc1	0.994094	0.00584221	6.38835e-05
Tm7sf4	0.919881	0.0789088	0.00121032
Tm6sf2	0.984387	0.0154295	0.000183349
Tm4sf4	0.810969	0.18553	0.003501
Tm4sf20	0.998267	0.00171436	1.8142e-05
Tlx3	0.614546	0.376341	0.00911297
Tlx1	0.881577	0.116476	0.00194708
Tlr8	0.899602	0.0988077	0.00159042
Tlr7	0.989597	0.0102854	0.000117339
Tlr6	0.844068	0.15319	0.00274233
Tlr5	0.918287	0.080474	0.00123935
Tlr4	0.992534	0.00738437	8.20084e-05
Tlr3	0.997124	0.00284559	3.022e-05
Tlr2	0.88848	0.109712	0.00180847
Tlr13	0.991976	0.00793586	8.8606e-05
Tlr12	0.882331	0.115737	0.00193181
Tlr1	0.998611	0.00137454	1.45892e-05
Tlm	0.989492	0.0103898	0.000118638
Tll2	0.99842	0.00156295	1.65547e-05
Tll1	0.985136	0.0146905	0.000173629
Tle2	0.967167	0.0324083	0.000424436
Tktl2	0.988845	0.0110288	0.000126628
Tktl1	0.870462	0.127363	0.0021754
Titf1	0.976875	0.0228404	0.000284674
Tinag	0.995812	0.0041439	4.45294e-05
Timp4	0.955732	0.0436681	0.000599781
Timd4	0.997284	0.00268774	2.8512e-05
Timd2	0.961789	0.0377051	0.000505563
Tigd5	0.92944	0.0695201	0.00103941
Tie1	0.993823	0.00611005	6.69956e-05
Tiam2	0.78999	0.206001	0.00400891
Tiaf2	0.813381	0.183175	0.00344395
Thsd7b	0.944895	0.05433	0.000775264
Thsd4	0.983421	0.0163827	0.000195998
Thsd1	0.884303	0.113804	0.00189203
Thrsp	0.687505	0.305699	0.00679592
Thrb	0.984344	0.0154726	0.000183919
Thpo	0.783192	0.21263	0.00417798
Them5	0.99722	0.00275094	2.9195e-05
Them4	0.703243	0.290424	0.00633396
Theg	0.954914	0.0444737	0.000612734
Thbs4	0.982748	0.0170471	0.000204884
Thbs3	0.554018	0.434703	0.0112788
Thbs2	0.854203	0.143277	0.00252058
Thap2	0.624531	0.366691	0.00877793
Tha1	0.889394	0.108816	0.00179029
Th	0.970268	0.0293535	0.00037882
Tgm6	0.985756	0.0140783	0.000165634
Tgm5	0.968782	0.0308172	0.000400566
Tgifx1	0.998822	0.00116575	1.24231e-05
Tgfbi	0.657104	0.33517	0.00772533
Tgfb3	0.827057	0.169817	0.00312569
Tgfb2	0.972386	0.0272654	0.000348162
Tgfa	0.810861	0.185636	0.00350357
Tg	0.977137	0.0225816	0.000281027
Tfpi2	0.927459	0.0714668	0.00107438
Tff3	0.96552	0.0340307	0.000449017
Tff2	0.812857	0.183687	0.00345632
Tex24	0.999038	0.000952185	1.02196e-05
Tex22	0.993142	0.00678296	7.48817e-05
Tex18	0.998522	0.00146236	1.55041e-05
Tex16	0.998142	0.00183902	1.9454e-05
Tex13	0.708988	0.284843	0.00616847
Tex101	0.982649	0.0171446	0.000206193
Tessp2	0.948017	0.0512591	0.000723839
Tesp2	0.983349	0.0164537	0.000196945
Tesp1	0.97573	0.0239689	0.000300666
Tert	0.748401	0.246521	0.00507782
Tenc1	0.625727	0.365535	0.00873821
Tekt5	0.978729	0.0210119	0.000259063
Tekt4	0.894529	0.103782	0.00168904
Tekt3	0.966287	0.0332758	0.000437548
Tekt2	0.903563	0.0949224	0.00151436
Tekt1	0.531298	0.456545	0.0121569
Tectb	0.996521	0.00344266	3.67444e-05
Tecta	0.954784	0.0446012	0.000614788
Tec	0.80866	0.187785	0.00355589
Tdrd7	0.889239	0.108968	0.00179338
Tdrd1	0.99527	0.00467951	5.05596e-05
Tdpoz1	0.839187	0.157962	0.00285089
Tdo2	0.997561	0.00241305	2.55569e-05
Tctex1d1	0.999427	0.000567062	6.26655e-06
Tcte2	0.998269	0.0017131	1.81287e-05
Tcte1	0.98164	0.0181403	0.00021963
Tcstv3	0.523339	0.464187	0.0124736
Tcl1b4	0.618603	0.372421	0.00897613
Tchhl1	0.997504	0.00246962	2.61636e-05
Tcfec	0.982896	0.0169016	0.000202933
Tcfap2e	0.99439	0.00554929	6.04978e-05
Tcfap2d	0.995105	0.00484276	5.24115e-05
Tcfap2b	0.997537	0.00243763	2.58204e-05
Tcfap2a$Hrc	0.797538	0.198638	0.00382376
Tcf7l2	0.803481	0.192839	0.0036799
Tcf23	0.98933	0.0105496	0.00012063
Tcf21	0.99105	0.00885025	9.96712e-05
Tcf2	0.932679	0.0663378	0.000982773
Tcf1	0.987181	0.0126713	0.000147463
Tcerg1l	0.8323	0.164694	0.00300606
Tceal3	0.659682	0.332674	0.00764459
Tcba1	0.999595	0.000400447	4.5541e-06
Tcap	0.913799	0.0848795	0.00132187
Tcam1	0.954753	0.0446317	0.00061528
Tbxas1	0.858637	0.138938	0.00242516
Tbx6	0.988365	0.0115027	0.000132595
Tbx5	0.910373	0.0882415	0.00138564
Tbx4	0.947971	0.0513045	0.000724593
Tbx22	0.999456	0.000537616	5.96447e-06
Tbx21	0.995018	0.00492851	5.33867e-05
Tbx20	0.993548	0.00638207	7.01722e-05
Tbx2	0.99641	0.00355172	3.79467e-05
Tbx19	0.874406	0.1235	0.00209365
Tbx18	0.915016	0.0836845	0.00129937
Tbr1	0.999571	0.000424593	4.80294e-06
Tbc1d9	0.614231	0.376645	0.00912364
Tbc1d8b	0.622254	0.368892	0.00885381
Tbc1d5	0.655272	0.336945	0.00778296
Tbc1d4	0.87804	0.119941	0.00201904
Tbc1d21	0.998793	0.00119422	1.27178e-05
Tbc1d14$LOC100044325	0.747124	0.247764	0.00511196
Tbc1d10c	0.901211	0.0972296	0.00155942
Tbc1d1$LOC100046817	0.732131	0.26235	0.00551874
Tat	0.958321	0.0411203	0.000559164
Tas2r119	0.995409	0.00454161	4.90004e-05
Tas2r108	0.916152	0.0825694	0.00127845
Tas2r105	0.999003	0.000986562	1.05736e-05
Tas1r2	0.671316	0.321399	0.00728467
Tas1r1	0.748519	0.246406	0.00507467
Tapbpl	0.938031	0.0610779	0.000890647
Tap2	0.741066	0.253659	0.00527499
Tap1	0.920211	0.0785843	0.00120432
Tanc2	0.789983	0.206008	0.00400909
Tal2	0.990398	0.00949435	0.000107556
Tal1	0.991121	0.00878024	9.88186e-05
Tagln3	0.864622	0.13308	0.00229787
Taf15	0.861429	0.136206	0.00236556
Tada1l	0.635696	0.355894	0.00841031
Tacstd2	0.999148	0.000842499	9.09187e-06
Tacr3	0.899571	0.0988384	0.00159102
Tacr1	0.905901	0.0926292	0.00146988
Tac4	0.997562	0.00241275	2.55536e-05
Tac2	0.989271	0.0106081	0.00012136
Tac1	0.988094	0.0117698	0.000135975
Taar1	0.992466	0.00745114	8.2804e-05
T2bp	0.920716	0.0780892	0.00119518
T	0.988386	0.0114821	0.000132336
Sytl4	0.991865	0.00804466	8.99145e-05
Sytl2	0.966915	0.0326573	0.000428192
Syt7	0.854895	0.142599	0.00250562
Syt6	0.988637	0.0112342	0.00012921
Syt4	0.974254	0.0254249	0.000321504
Syt3	0.763398	0.231919	0.0046828
Syt2	0.983969	0.0158418	0.000188806
Syt17	0.884568	0.113545	0.0018867
Syt16	0.999652	0.000343895	3.96967e-06
Syt13	0.965728	0.0338261	0.000445904
Syt12	0.702428	0.291214	0.00635755
Syt10	0.992396	0.00752065	8.36333e-05
Syt1	0.979255	0.0204935	0.000251872
Sypl2	0.917107	0.0816317	0.00126092
Syp	0.823075	0.173707	0.00321743
Synpr	0.999435	0.000558632	6.18007e-06
Synpo2l	0.999636	0.000359382	4.12998e-06
Synj2	0.865665	0.13206	0.00227588
Syngr4	0.65463	0.337567	0.0078032
Syngr3	0.798097	0.198092	0.00381015
Syne2	0.994099	0.00583757	6.38297e-05
Syne1	0.913293	0.0853762	0.00133125
Sync	0.955037	0.0443521	0.000610776
Syn3	0.948069	0.0512076	0.000722983
Syn2	0.993635	0.00629557	6.91603e-05
Sycp2	0.99668	0.00328547	3.50172e-05
Sycn	0.893469	0.104821	0.00170983
Svs7	0.999522	0.000472844	5.29934e-06
Svs6	0.999395	0.000598404	6.58796e-06
Svs5	0.937573	0.0615286	0.000898466
Svs4	0.999647	0.000348764	4.02009e-06
Svs3a	0.996018	0.00393981	4.22505e-05
Svs2	0.999526	0.000469043	5.26028e-06
Svop	0.962595	0.0369116	0.00049325
Svep1	0.84968	0.147701	0.00261892
Sval2	0.999557	0.000438129	4.9423e-06
Sval1	0.99967	0.00032598	3.78393e-06
Sva	0.997444	0.00252884	2.67999e-05
Sv2b	0.986901	0.0129483	0.000151017
Susd3	0.918503	0.0802612	0.00123539
Sumo3	0.997526	0.00244851	2.5937e-05
Sult3a1	0.999529	0.000465457	5.22341e-06
Sult2b1	0.966184	0.0333774	0.000439089
Sult1e1	0.998172	0.00180903	1.9138e-05
Sult1d1	0.999386	0.000607073	6.67685e-06
Sult1c2	0.987252	0.0126017	0.000146571
Sult1b1	0.999394	0.000599366	6.59783e-06
Sult1a1	0.99367	0.00626147	6.87619e-05
Sucnr1	0.999306	0.000686051	7.4866e-06
Styxl1	0.956646	0.0427683	0.000585376
Styk1	0.961212	0.0382739	0.000514421
Stxbp6	0.989114	0.0107629	0.000123295
Stxbp5	0.957426	0.0420006	0.000573137
Stxbp4	0.63262	0.35887	0.00851088
Stx1b1	0.98656	0.0132843	0.000155343
Stx1a	0.607449	0.383197	0.00935478
Stx19	0.993388	0.00654009	7.20246e-05
Strm	0.995669	0.00428533	4.61148e-05
Strc	0.974917	0.0247711	0.000312119
Stra6	0.900538	0.0978895	0.00157236
Stox2	0.732829	0.261671	0.00549956
Ston2	0.740685	0.25403	0.00528532
Stoml3	0.98436	0.0154562	0.000183703
Stmn4	0.925114	0.0737701	0.00111608
Stk39	0.897439	0.100929	0.0016323
Stk36	0.890544	0.107688	0.0017675
Stk32c	0.978332	0.0214038	0.00026452
Stk32b	0.973179	0.0264839	0.0003368
Stk32a	0.951097	0.0482295	0.000673795
Stk22s1	0.718087	0.276003	0.00590983
Stfa3	0.999333	0.000659992	7.21942e-06
Stfa2l1	0.999701	0.000295572	3.46779e-06
Steap4	0.971391	0.0282461	0.000362506
Stc1	0.762182	0.233104	0.00471444
Stbd1	0.987351	0.0125036	0.000145316
Stat5a	0.616625	0.374332	0.00904272
Stat2	0.599186	0.391174	0.00964019
Stard7	0.917656	0.0810935	0.00125088
Stard6	0.657892	0.334407	0.00770061
Stard5	0.815488	0.181117	0.00339433
Stard13	0.869766	0.128044	0.00218991
Star	0.905204	0.0933125	0.0014831
Stac3	0.915805	0.0829103	0.00128484
Stac	0.993404	0.0065237	7.18322e-05
Stab2	0.93093	0.0680571	0.00101329
Stab1	0.948251	0.0510287	0.000720009
St8sia6	0.978089	0.0216434	0.000267865
St8sia5	0.89521	0.103114	0.00167572
St8sia4	0.993499	0.00643003	7.07338e-05
St8sia3	0.883465	0.114626	0.00190892
St8sia2	0.878168	0.119816	0.00201643
St7	0.904128	0.0943681	0.00150358
St6galnac5	0.996957	0.00301089	3.20164e-05
St6galnac3	0.957887	0.0415469	0.000565927
St6galnac2	0.956447	0.0429647	0.000588515
St6galnac1	0.999317	0.000675827	7.38177e-06
St6gal2	0.999749	0.000247757	2.96782e-06
St3gal6	0.985903	0.0139336	0.000163751
St3gal1	0.969729	0.0298847	0.000386688
St18	0.998462	0.00152216	1.61282e-05
Sstr5	0.891211	0.107035	0.00175432
Sstr4	0.971339	0.0282978	0.000363265
Sstr3	0.963404	0.0361148	0.000480943
Sstr2	0.982662	0.0171323	0.000206028
Sstr1	0.996727	0.00323811	3.44982e-05
Sst	0.577373	0.412212	0.0104145
Sspo	0.641649	0.350134	0.00821724
Sspn	0.976483	0.0232264	0.000290128
Ssh3	0.916164	0.0825579	0.00127824
Ssbp2	0.686276	0.306891	0.00683254
Sry	0.99921	0.000781155	8.46209e-06
Srrp	0.999116	0.000874209	9.41766e-06
Srr	0.86052	0.137095	0.00238491
Srpx2	0.939887	0.0592539	0.000859142
Srpx	0.986623	0.0132227	0.00015455
Srpk3	0.997022	0.00294666	3.13175e-05
Srms	0.604517	0.386028	0.00945557
Srgap3	0.595089	0.395128	0.00978331
Srgap1	0.99365	0.00628053	6.89845e-05
Srd5a2l2	0.999313	0.000679193	7.41628e-06
Srd5a2	0.959395	0.0400625	0.000542457
Spz1	0.795791	0.200343	0.00386637
Spty2d1	0.676031	0.316828	0.00714089
Sptlc3	0.977668	0.0220582	0.000273671
Spt2	0.999423	0.000570513	6.30195e-06
Spt1	0.999367	0.000626551	6.87657e-06
Spsb4	0.878803	0.119193	0.00200346
Spry3	0.998513	0.00147102	1.55944e-05
Sprr3	0.873046	0.124832	0.00212175
Sprr2i	0.997467	0.00250615	2.65559e-05
Sprr2f	0.999332	0.000661263	7.23245e-06
Sprr2d	0.934993	0.0640641	0.000942721
Sprr1b	0.998988	0.00100091	1.07214e-05
Sprr1a	0.918442	0.0803211	0.00123651
Sprn	0.994605	0.0053366	5.80515e-05
Spred3	0.932137	0.0668707	0.000992211
Spp2	0.9968	0.00316594	3.37084e-05
Spon2	0.843062	0.154174	0.00276462
Spon1	0.992642	0.00727755	8.07373e-05
Spock3	0.999619	0.000376341	4.30529e-06
Spock1	0.989817	0.0100688	0.00011465
Spo11	0.984589	0.0152307	0.000180727
Spnb1	0.568371	0.420885	0.0107432
Spn	0.653115	0.339034	0.00785102
Spint4	0.989081	0.0107953	0.000123701
Spinlw1	0.955404	0.0439911	0.000604969
Spink8	0.991039	0.0088615	9.98084e-05
Spink5	0.999435	0.000558431	6.17802e-06
Spink4	0.946805	0.0524512	0.00074372
Spink2	0.657026	0.335246	0.00772779
Spink12	0.991855	0.00805459	9.00339e-05
Spink10	0.941695	0.0574763	0.000828662
Spib	0.985082	0.0147438	0.000174328
Sphk1	0.834722	0.162327	0.00295123
Spg3a	0.903183	0.0952954	0.00152162
Spert	0.939973	0.0591689	0.000857679
Spem1	0.773998	0.221592	0.00441013
Speg	0.927601	0.0713268	0.00107186
Spef1	0.960905	0.0385756	0.000519131
Speer4b$EG664804	0.999631	0.000364491	4.18282e-06
Spdyb	0.867327	0.130432	0.00224094
Spdef	0.93218	0.0668286	0.000991463
Spatc1	0.997363	0.00260913	2.76641e-05
Spata9	0.857803	0.139754	0.00244303
Spata4	0.997888	0.00208947	2.21045e-05
Spata3	0.934105	0.0649367	0.00095805
Spata2L	0.862734	0.134928	0.00233783
Spata19	0.999018	0.000971134	1.04147e-05
Spata17	0.977116	0.0226024	0.000281318
Spata16	0.986821	0.0130268	0.000152026
Spata1	0.977996	0.0217346	0.00026914
Sparcl1	0.990646	0.00924942	0.000104549
Spam1	0.999045	0.000944921	1.01448e-05
Spag8	0.874998	0.12292	0.00208145
Spag6	0.971432	0.0282062	0.000361921
Spag16	0.99222	0.00769394	8.57046e-05
Spag1	0.748068	0.246846	0.00508673
Spaca4	0.740139	0.254561	0.0053001
Spaca3	0.94163	0.0575406	0.00082976
Spaca1	0.996949	0.00301903	3.21051e-05
Spa17	0.580413	0.409282	0.0103047
Sp8	0.998324	0.00165825	1.75529e-05
Sp7	0.691027	0.302282	0.00669143
Sp6	0.632803	0.358692	0.00850486
Sp5	0.847681	0.149656	0.00266271
Sp4	0.750611	0.24437	0.00501894
Sp100	0.99187	0.00804027	8.98617e-05
Sox9	0.950133	0.0491774	0.000689378
Sox8	0.997178	0.00279249	2.96447e-05
Sox7	0.953207	0.0461529	0.000639898
Sox6	0.978682	0.0210583	0.000259708
Sox5	0.973541	0.0261271	0.000331633
Sox30	0.999322	0.000670447	7.3266e-06
Sox18	0.952213	0.0471317	0.000655833
Sox17	0.710486	0.283389	0.00612562
Sox1	0.962037	0.037461	0.000501769
Sostdc1	0.993446	0.00648276	7.13519e-05
Sorcs3	0.804262	0.192077	0.00366111
Sorcs2	0.871612	0.126237	0.0021515
Sorcs1	0.992928	0.00699431	7.7378e-05
Sorbs2	0.961115	0.0383695	0.000515913
Sohlh1	0.949167	0.0501283	0.00070508
Sod3	0.949058	0.0502353	0.00070685
Socs1	0.804754	0.191597	0.00364929
Sobp	0.791704	0.204329	0.00396663
Soat2	0.897049	0.101312	0.00163989
Snx26	0.971377	0.0282605	0.000362718
Snx22	0.882096	0.115967	0.00193656
Snx21	0.766196	0.229193	0.0046103
Sntg2	0.982655	0.0171391	0.00020612
Sntg1	0.996677	0.00328781	3.50429e-05
Sntb1	0.952087	0.0472552	0.000657849
Snf1lk	0.566797	0.422402	0.0108013
Sncg	0.610362	0.380382	0.00925514
Sncaip	0.996875	0.00309168	3.28972e-05
Snca	0.968322	0.0312704	0.00040734
Snapc5	0.99838	0.00160329	1.69769e-05
Snap25	0.999258	0.00073426	7.98097e-06
Snai2	0.558993	0.429915	0.0110915
Snai1	0.502041	0.484613	0.0133462
Smyd1	0.823774	0.173025	0.00320128
Smtnl1	0.632886	0.358612	0.00850213
Smr2	0.93349	0.0655409	0.000968695
Smpx	0.999459	0.000535144	5.9391e-06
Smpdl3a	0.934859	0.0641962	0.000945037
Smpd3	0.97308	0.0265819	0.000338221
Smok3a	0.99401	0.00592493	6.4843e-05
Smoc2	0.960358	0.0391141	0.000527557
Smcp	0.995188	0.00476008	5.14728e-05
Smarca2	0.898948	0.0994485	0.00160304
Sln	0.995747	0.00420751	4.52419e-05
Slmo1	0.534816	0.453165	0.0120184
Slitrk6	0.99266	0.00725988	8.05273e-05
Slitrk5	0.991925	0.00798573	8.92054e-05
Slitrk4	0.995599	0.00435394	4.68857e-05
Slitrk3	0.980747	0.0190213	0.000231622
Slitrk2	0.926867	0.0720477	0.00108487
Slitrk1	0.999189	0.000802047	8.67651e-06
Slit3	0.497613	0.488854	0.0135324
Slit1	0.768368	0.227078	0.00455429
Slfnl1	0.749785	0.245174	0.00504093
Slfn9	0.663676	0.328804	0.00752019
Slfn8	0.968395	0.0311986	0.000406265
Slfn5	0.997595	0.00237984	2.52011e-05
Slfn4$Slfn3	0.997984	0.00199475	2.10999e-05
Slfn3$Slfn3	0.999129	0.000861486	9.28693e-06
Slfn2	0.544703	0.443663	0.0116342
Slfn10	0.999037	0.00095285	1.02264e-05
Slfn1	0.998591	0.0013945	1.47969e-05
Slco6c1	0.997372	0.00260083	2.75747e-05
Slco6b1	0.999166	0.000825272	8.91496e-06
Slco5a1	0.887923	0.110258	0.00181956
Slco4c1	0.972969	0.0266915	0.000339811
Slco3a1	0.69297	0.300396	0.00663406
Slco2a1	0.631396	0.360053	0.00855102
Slco1c1	0.998631	0.00135475	1.43833e-05
Slco1b2	0.998379	0.00160414	1.69858e-05
Slco1a6	0.999261	0.000730877	7.94627e-06
Slco1a5	0.996399	0.0035632	3.80734e-05
Slco1a4	0.624071	0.367136	0.00879325
Slco1a1	0.960626	0.0388509	0.000523436
Slc9a9	0.997768	0.00220851	2.33709e-05
Slc9a8	0.76998	0.225507	0.00451286
Slc9a5	0.849597	0.147782	0.00262073
Slc9a4	0.999002	0.000987819	1.05865e-05
Slc9a3	0.991562	0.00834476	9.35351e-05
Slc9a2	0.998622	0.00136351	1.44744e-05
Slc8a3	0.973363	0.0263029	0.000334177
Slc8a2	0.976807	0.0229075	0.000285621
Slc8a1	0.998209	0.0017722	1.87501e-05
Slc7a9	0.984683	0.0151374	0.000179499
Slc7a8	0.997138	0.00283202	3.0073e-05
Slc7a2	0.991817	0.00809205	9.04851e-05
Slc7a15	0.992934	0.00698899	7.7315e-05
Slc7a14	0.994087	0.00584856	6.39571e-05
Slc7a13	0.971276	0.0283599	0.000364178
Slc7a12	0.999427	0.00056654	6.2612e-06
Slc7a11	0.992918	0.00700404	7.74931e-05
Slc7a10	0.963354	0.0361642	0.000481704
Slc6a5$LOC677366	0.980633	0.0191334	0.000233154
Slc6a4	0.926629	0.0722819	0.0010891
Slc6a3	0.983341	0.0164619	0.000197053
Slc6a20	0.992977	0.00694622	7.68092e-05
Slc6a2	0.913536	0.0851368	0.00132673
Slc6a19	0.966612	0.032955	0.000432691
Slc6a18	0.992499	0.0074187	8.24173e-05
Slc6a14	0.999044	0.000945632	1.01522e-05
Slc6a13	0.959492	0.0399668	0.000540949
Slc6a12	0.993178	0.00674751	7.4464e-05
Slc6a11	0.990359	0.00953342	0.000108037
Slc6a1	0.691649	0.301678	0.00667303
Slc5a9	0.98964	0.0102428	0.00011681
Slc5a8	0.99774	0.00223612	2.36652e-05
Slc5a7	0.997495	0.0024791	2.62655e-05
Slc5a6	0.758737	0.236458	0.00480441
Slc5a5	0.886045	0.112098	0.00185706
Slc5a4b	0.908539	0.090041	0.00142006
Slc5a4a	0.993686	0.00624531	6.85731e-05
Slc5a3	0.957595	0.0418342	0.000570491
Slc5a12	0.99932	0.000672703	7.34973e-06
Slc5a10	0.693547	0.299836	0.00661705
Slc5a1	0.980253	0.0195088	0.000238298
Slc4a9	0.968068	0.0315206	0.000411088
Slc4a8	0.807054	0.189352	0.00359421
Slc4a4	0.927627	0.0713014	0.0010714
Slc4a3	0.76621	0.22918	0.00460996
Slc4a10	0.99829	0.00169184	1.79054e-05
Slc4a1	0.995929	0.00402755	4.32289e-05
Slc46a3	0.948486	0.0507977	0.000716173
Slc46a2	0.998073	0.00190636	2.01648e-05
Slc45a2	0.546078	0.442341	0.0115813
Slc44a3	0.995514	0.00443857	4.78383e-05
Slc43a2	0.641918	0.349873	0.00820854
Slc41a2	0.98364	0.0161671	0.000193126
Slc40a1	0.850066	0.147324	0.00261049
Slc3a1	0.995053	0.00489395	5.29935e-05
Slc39a8	0.975914	0.0237877	0.000298089
Slc39a5	0.879973	0.118047	0.00197963
Slc39a2	0.988754	0.0111182	0.000127751
Slc39a12	0.999174	0.000816819	8.82816e-06
Slc38a3	0.601202	0.389228	0.00957017
Slc37a2	0.678752	0.31419	0.00705846
Slc36a3	0.620468	0.370618	0.00891355
Slc36a2	0.855692	0.14182	0.00248843
Slc35f4	0.99714	0.00282954	3.00461e-05
Slc35f3	0.994222	0.00571528	6.2414e-05
Slc35f1	0.997549	0.00242507	2.56857e-05
Slc35e4	0.610587	0.380166	0.00924749
Slc35d3	0.991002	0.00889733	0.000100245
Slc35d2	0.71507	0.278935	0.00599514
Slc35d1	0.957059	0.0423619	0.000578891
Slc35a5	0.958868	0.0405815	0.000550642
Slc34a3	0.818454	0.178221	0.00332486
Slc34a2	0.863404	0.134273	0.00232364
Slc34a1	0.964904	0.0346374	0.000458271
Slc32a1	0.865988	0.131743	0.00226907
Slc30a8	0.994961	0.00498545	5.40353e-05
Slc30a2	0.825242	0.17159	0.00316741
Slc30a10	0.985303	0.0145251	0.000171464
Slc2a9	0.991015	0.00888507	0.000100096
Slc2a6	0.954961	0.0444273	0.000611988
Slc2a5	0.724154	0.270106	0.00573968
Slc2a4	0.614647	0.376244	0.00910958
Slc2a2	0.999333	0.00066023	7.22185e-06
Slc2a13	0.996255	0.00370559	3.96483e-05
Slc2a12	0.953192	0.0461676	0.000640137
Slc2a10	0.998874	0.0011144	1.18923e-05
Slc28a3	0.99669	0.00327484	3.49006e-05
Slc27a5	0.989003	0.0108719	0.00012466
Slc26a8	0.766319	0.229074	0.00460713
Slc26a7	0.992265	0.00764961	8.51742e-05
Slc26a5	0.995391	0.00455999	4.92079e-05
Slc26a4	0.986796	0.0130517	0.000152346
Slc26a3	0.997966	0.00201283	2.12914e-05
Slc26a2	0.738511	0.256144	0.00534429
Slc26a1	0.971356	0.028281	0.000363019
Slc25a45	0.626675	0.364618	0.00870679
Slc25a41	0.976133	0.0235719	0.000295024
Slc25a35	0.551848	0.436791	0.011361
Slc25a34	0.741744	0.253	0.00525668
Slc25a29	0.794416	0.201684	0.00390002
Slc25a27	0.948037	0.0512395	0.000723514
Slc25a26	0.516574	0.47068	0.0127468
